3973772
3974084
3974135
3974215
3974317
3974350
3974361
3974387
3974398
3974378
3974338
3974784
3974658
3974567
3974563
3974545
3974502
3974512
3975000
3975007
3974436
3974523
3974495
3975080
3975142
3974832
3975168
3974949
3974943
3975189
3975132
3975390
3975401
3975419
3969585
3969681
3969710
3970085
3970138
3970229
3970127
3970332
3970373
3970330
3970378
3970499
3970652
3970859
3970743
3970897
3970914
3970915
3970920
3971160
3968751
3970794
3971034
3970984
3971402
3971430
3967437
3967405
3967563
3967623
3967569
3967613
3967604
3967639
3967644
3967697
3967747
3967755
3967800
3967813
3967853
3967938
3967822
3967804
3968069
3968229
3968272
3968317
3968295
3968460
3968473
3968533
3968420
3968688
3968390
3968366
3968662
3968654
3968725
3968757
3968889
3968856
3968937
3969041
3969165
3969069
3969382
3969540
3965944
3965939
3966014
3966166
3966140
3966406
3966440
3966445
3966448
3966498
3966251
3966625
3966728
3966753
3966790
3966808
3966545
3966863
3966679
3966966
3967003
3962931
3962974
3963099
3963245
3963116
3963368
3963403
3963405
3963400
3963390
3963543
3963544
3963567
3963552
3963534
3964007
3964000
3963990
3964213
3964245
3964367
3964417
3964436
3964293
3964303
3964481
3964584
3964595
3964708
3964757
3964776
3964576
3964811
3964847
0
3964911
3964912
3964951
3965027
3965071
3965145
3965245
3965327
3965323
3965385
3965390
3965191
3965266
3965410
3965423
3965427
3965571
3965523
3965700
3965735
3965739
3965793
3965797
3965895
3965756
3965954
3962490
3962642
3962441
3962509
3962734
3962678
3962691
3962771
3962747
3960538
3960589
3960496
3960545
3960650
3960592
3960591
3960560
3960653
3960710
3961004
3961101
3961124
3961133
3960918
3960896
3961320
3961393
3961451
3961202
3961248
3961235
3961217
3961499
3961392
3961477
3961561
3961598
3961622
3961684
3961774
3961797
3961882
3961964
3961683
3962044
3961821
3961744
3962104
3962043
3962120
3962215
3962387
3258557
3953626
3953843
3953874
3953912
3954094
3954342
3954524
3954534
3954521
3954709
3955151
3955211
3955250
3955233
3955049
3955638
3955176
3955158
3955070
3955289
3955696
0
3955399
3955483
3955941
3955870
3956146
3955938
3955899
3955886
3956070
3956284
3956331
3956631
3956698
3956614
3956719
3956697
3956678
3956745
3956925
3957076
3957048
3957155
3957311
3957162
3957232
3957249
3957253
3957351
3957599
3957609
3957274
3957700
3957304
3957728
3957525
3957537
3957510
3957516
3957521
3957840
3957851
3957853
3957868
3957878
3957947
3958062
3958067
3958056
3958614
3958624
3958635
3958645
3958283
3958280
3958437
3958263
3958737
3958767
3958899
3958914
3958812
3958743
3959043
3959065
3959107
3959027
3958983
3959048
3959037
3959320
3959264
3959325
3959378
3959427
3959432
3959541
3959608
3959654
3959658
3959667
3959623
3959805
3959818
3959926
3959927
3959940
3959762
3959958
3959832
3959728
3959976
3959943
3959939
3960012
3960041
3960005
3959978
3960169
3960189
3960238
0
3960242
3960262
3960353
3960366
3960381
3952280
3952289
3952341
3952330
3952373
3952538
3952475
3952576
3952649
3952602
3952634
3952793
3952946
3952948
3953086
3953034
3953016
3953136
3953155
3953199
3953358
3953416
3953495
3953320
3953415
3950525
3950251
3950233
3950291
3950412
3950581
3950524
3950735
3950780
3950801
3950312
3950964
3950968
3950988
3951082
3951109
3951113
3951072
3951041
3950966
3951152
3951166
3951217
3951284
3951245
3951390
3951388
3951487
3951444
3951437
3951432
3951424
3951414
3951406
3951071
3951046
3951553
3951559
3951725
3951809
3951807
3951838
3951617
3951744
3951741
3951756
3952035
3952037
3951996
3951983
3951977
3952091
3952164
3952224
3948843
3948847
3949102
3948946
3948687
3949199
3949063
3949253
3949276
3949410
3949471
3949428
3949600
3949667
3949710
3949763
0
3949734
3949904
3949925
3949928
3949934
3949949
3949971
3949820
3949979
3949977
3950012
3950025
3950023
3950104
3950163
3950134
3950314
3950386
3950102
3950090
3950213
3950094
3945000
3944755
3945225
3945253
3945131
3945056
3945078
3946590
3946714
3946826
3946868
3946874
3946879
3946213
3946203
3946939
3946589
3946542
3946511
3946683
3946754
3947009
3947034
3947040
3947026
3947197
3947389
3945187
3947558
3947253
3947401
3947452
3947617
3947564
3946998
3946652
3947690
3947759
3947959
3947974
3947996
3948100
3948321
3947303
3948217
3948342
3948370
3948417
3948407
3948499
3948613
3948629
3948593
3948599
3948661
3948619
3948624
3948659
3948679
3948721
3948774
3943726
3943731
3943749
3943795
3943990
3944112
3943918
3944168
3944318
3944414
3945439
3945428
3945563
3945628
3945659
3945688
3945750
0
3945852
3945966
3946003
3945970
3945931
3946014
3946142
3946043
3946048
3946156
3946182
3946244
3946389
3946410
3941895
3941925
3941982
3942122
3942197
3942347
3942384
3942337
3942469
3942471
3942568
3942678
3942531
3942564
3942762
3942871
3942919
3942942
3942889
3942960
3943422
3943140
3943468
3943483
3943484
3943496
3943511
3943565
3943359
3943461
3943536
3943608
3943739
3943741
3943796
3937786
3937746
3937700
3937864
3937849
3938769
3938359
3938317
3938293
3938106
3937961
3938006
3938345
3938468
3938489
3938632
3938811
3938869
3938646
3939059
3939113
3939009
3938979
3938975
3939215
3939175
3939138
3939222
3939486
3939519
3939524
3939562
3939650
3939656
3939683
3939743
3939388
3939380
3939309
3939307
3939551
3939635
3939633
3939756
3939725
3939780
3939912
3939934
3939938
3940961
3941169
0
3941677
3941576
3941537
3940224
3940272
3940339
3940436
3940147
3935300
3940477
3940454
3940508
3940614
3940646
3940665
3940672
3940678
3940712
3940668
3940832
3940821
3940859
3940786
3940772
3940768
3940885
3940975
3940982
3940876
3940888
3940993
3941181
3941189
3941237
3941371
3941231
3941201
3941428
3935564
3935661
3935695
3935827
3935849
3935887
3935893
3936283
3936367
3936498
3936373
3936477
3936463
3936508
3936675
3936938
3936937
3936943
3936995
3936927
3936904
3936980
3937165
3937020
3937202
3937436
3937567
3937735
3937822
3937930
3937841
3937958
3927683
3927802
3927594
3927488
3927696
3927894
3927876
3927901
3928444
3928546
3928538
3928550
3928720
3928238
3928789
3928718
3928684
3928654
3928842
3927811
3928892
3929064
3928417
3929319
3929068
3929346
3929075
3929177
3929143
3929311
0
3929577
3929728
3930000
3930178
3930173
3930136
3930049
3930268
3930367
3930443
3930472
3930481
3930386
3930544
3930564
3930331
3930316
3930537
3930492
3930490
3930437
3930612
3930846
3930849
3930675
3930759
3930940
3930787
3931107
3931308
3931585
3931618
3931687
3931658
3931865
3931940
3931960
3932050
3932030
3931998
3931990
3932154
3932209
3932369
3932187
3932568
3932611
3932374
3932337
3932746
3932861
3932892
3932959
3932984
3933003
3933042
3933056
3933207
3933360
3933490
3933426
3933325
3933531
3933652
3933741
3933895
3933914
3933920
3933860
3933831
3934047
3934228
3934314
3934467
3934472
3934194
3934464
3934248
3934697
3934570
3934491
3931002
3934896
3935041
3935139
3935087
3935200
3935202
3935183
3935301
3935449
3935465
3924104
3924090
3924134
3924163
3924145
3924289
3924292
3924282
0
3924273
3924242
3924625
3924626
3924686
3924492
3924388
3924342
3924355
3924327
3924611
3924531
3924770
3924775
3924865
3924869
3924950
3925157
3925351
3925337
3925305
3925291
3925405
3925483
3925401
3925597
3925601
3925790
3925767
3925955
3925975
3925983
3926016
3926223
3926205
3926260
3926284
3926323
3926316
3926330
3926384
3926607
3926642
3926700
3926765
3926652
3926803
3926868
3926992
3927111
3927177
3927195
3927207
3927229
3927243
3927324
3927331
3927392
3927404
3922114
3922139
3922185
3922542
3922021
3922472
3922166
3923411
3923409
3923573
3923674
3923707
3923746
3923760
3923497
3923685
3923666
3923905
3923778
3923847
3923941
3924019
3924007
3924049
3924068
3924095
3920107
3921053
3920287
3920402
3920484
3921196
3920676
3920849
3920878
3920966
3920918
3921448
3921489
3921047
3921568
0
3921585
3921604
3921610
3921263
3921232
3921389
3921680
3921701
3921793
3921446
3921527
3921659
3921646
3921754
3921809
3921963
3921918
3921984
3921992
3922031
3920340
3920490
3919408
3919417
3918473
3918715
3919507
3918871
3919681
3919696
3919223
3919759
3919319
3919834
3919500
3919496
3919489
3919532
3919506
3920049
3920069
3920139
3920208
3918982
3919172
3919215
3919291
3919385
3919407
3920505
3920689
3920761
3920808
3920827
3920874
3919697
3919636
3919746
3919991
3919934
3917097
3917184
3917410
3917467
3917298
3917149
3916980
3917218
3917647
3917478
3917551
3917661
3917732
3917748
3917754
3917796
3917808
3917810
3917815
3917910
3917932
3917702
3917970
3917977
3918159
3918179
3918200
3918203
3918275
3918284
3918240
3918210
3918499
3918681
3918850
3918962
3915992
3915970
3915588
3916130
0
3916076
3916150
3916116
3916242
3916335
3916443
3916506
3916639
3916652
3916690
3916735
3916748
3916783
3916811
3916790
3915779
3915808
3915877
3915900
3915653
3915967
3915749
3913822
3913805
3913771
3913719
3913705
3913959
3913948
3913970
3913971
3913993
3914215
3914311
3914340
3914455
3914458
3914117
3914374
3914356
3914240
3914581
3914617
3914721
3914735
3914820
3914823
3914824
3914811
3914893
3914911
3914907
3914923
3914927
3915049
3915095
3915107
3915216
3915260
3915286
3914992
3915097
3915172
3915145
3915438
3915352
3915455
3915471
3915448
3912530
3912534
3912686
3912730
3912791
3912803
3912995
3912547
3912535
3912536
3912538
3913091
3913115
3913150
3912807
3912800
3912736
3912715
3913217
3913219
3913229
3913232
3913234
3912826
3913009
3913423
3912674
3913436
3913186
3913648
3913650
0
3913654
3913511
3912141
3911481
3911449
3911796
3911565
3908936
3912312
3911947
3912451
3912016
3912063
3910259
3910318
3909955
3910077
3909923
3910095
3909858
3909779
3910461
3910193
3910165
3910261
3910688
3910711
3910767
3910690
3910775
3910912
3910958
3911019
3911102
3911152
3911081
3911139
3911140
3911307
3911350
3911249
3911187
3911498
3911644
3911646
3911857
3911925
3911397
3911619
3910248
3908444
3908439
3908577
3908647
3908590
3908714
3908812
3908830
3908834
3908774
3908818
3908934
3908947
3908959
3908887
3909808
3909889
3909897
3909939
3909986
3909701
3909690
3909757
3909633
3909614
3910022
3910028
3910084
3910189
3908436
3908404
3908317
3908921
3909047
3909032
3909234
3909283
3909346
3909363
3909152
3909287
3909432
3909429
3909436
3909440
3909445
3909456
3909752
3909761
3909683
0
3907408
3907365
3907452
3907515
3907506
3907680
3907617
3907712
3908001
3908052
3908054
3908126
3908168
3908196
3908260
3905848
3905845
3905841
3905895
3906005
3905754
3905926
3905867
3905807
3905961
3906128
3906312
3906164
3906085
3906356
3906285
3906245
3906238
3906463
3906470
3906484
3906451
3906425
3906483
3906706
3906717
3906650
3907373
3906668
3906583
3906563
3906538
3906517
3906803
3906818
3906907
3906970
3907006
3907007
3907005
3906988
3907008
3907022
3907074
3907076
3907176
3907242
3907245
3907287
3905759
3904234
3904383
3904455
3904615
3904638
3904641
3904659
3904689
3904175
3904709
3904358
3904520
3904778
3904749
3904829
3904894
3904878
3905066
3905208
3905223
3904985
3905396
3905436
3905496
3905660
3905700
3905711
3905249
3903461
3903472
3903445
3903583
3903782
3903881
3903898
0
3903602
3903912
3903705
3903714
3903783
3903789
3903786
3903930
3904167
3902127
3902084
3902391
3902220
3902417
3902438
3902420
3902516
3902519
3902342
3902337
3902232
3902201
3902147
3902532
3902543
3902619
3902691
3902826
3902887
3902697
3902693
3901042
3902735
3902949
3902972
3903094
3903225
3903315
3903328
3903252
3903380
3903365
3901189
3901302
3901242
3901407
3901525
3901526
3901587
3901592
3901610
3901704
3901768
3901781
3901702
3900539
3900625
3900830
3900835
3900847
3900954
3900958
3901040
3901115
3901136
3901173
3901266
3901191
3899742
3899745
3899782
3899915
3899980
3900047
3900097
3900207
3900151
3900178
3900172
3900176
3900174
3900290
3900410
3900514
3900531
3900533
3900554
3899714
3899608
3899567
3899439
3899442
3899414
3899286
3899192
3899176
3899268
3899267
3899217
3899057
0
3896829
3896915
3896772
3896796
3896709
3901910
3901967
3901989
3902036
3902044
3902028
3901994
3897771
3898013
3898026
3898072
3898112
3898197
3898169
3898353
3898420
3898428
3898444
3898397
3898486
3898603
3898424
3898528
3898457
3898653
3898708
3898709
3898716
3898934
3898994
3897575
3897589
3897632
3897629
3897697
3897719
3897729
3897752
3896899
3897080
3897099
3897104
3897139
3892691
3897127
3897170
3897222
3897370
3897397
3897406
3895383
3895476
3895586
3895621
3895613
3895617
3895816
3896203
3896252
3895884
3896314
3896373
3896442
3896455
3896452
3896583
3896615
3894080
3894097
3894101
3895275
3895250
3895151
3894076
3894249
3894287
3894509
3894512
3894584
3894590
3894351
3894486
3894578
3894651
3894665
3894730
3894815
3894848
3894847
3894802
3894913
3894079
3895046
3895048
3892394
0
3892431
3892511
3892447
3892397
3892563
3892604
3892630
3892667
3892680
3892643
3892875
3892738
3892972
3892956
3893109
3893097
3893181
3892985
3892980
3893152
3893113
3893515
3893814
3893842
3894024
3894027
3893976
3893970
3893990
3894005
3893996
3891121
3891128
3891126
3891059
3891186
3891263
3891204
3891292
3891298
3891397
3891471
3891499
3892342
3891451
3891606
3891809
3891975
3891755
3891708
3891640
3892023
3892234
3892253
3891869
3889932
3889749
3890025
3890077
3889924
3889971
3890107
3890223
3890250
3890347
3890155
3890438
3890297
3890301
3890295
3890883
3890897
3890926
3891072
3890496
3890360
3890352
3890592
3890673
3890573
3890425
3890612
3889035
3889076
3889083
3889100
3889162
3889167
3889179
3889320
3889153
3889295
3889566
3889569
3889800
3888109
3888324
3888418
3888444
3888508
0
3887764
3887788
3888770
3888520
3888555
3888822
3888570
3888566
3888839
3888972
3889011
3887351
3887333
3887373
3887393
3887495
3887631
3887636
3887678
3887668
3887660
3887598
3887730
3887782
3887828
3887905
3887948
3887344
3887292
3887248
3887190
3887160
3887068
3886975
3888355
3888654
3888747
3888714
3888813
3888899
3888796
3885618
3885673
3885828
3885866
3885912
3885772
3886026
3886072
3886141
3886156
3886215
3886386
3886411
3886412
3886461
3886464
3886452
3886443
3886495
3886571
3886603
3886734
3886658
3886804
3885141
3885179
3885234
3885302
3885203
3885157
3885148
3885107
3885304
3885337
3885458
3885483
3885502
3885578
3879655
3884667
3884609
3884650
3884666
3884831
3884866
3884821
3884758
3884872
3884871
3884847
3884737
3884911
3884948
3884975
3885003
3884936
3883782
3883916
3883988
0
3884103
3884114
3884129
3884447
3884475
3884345
3884510
3884514
3884511
3884577
3884552
3883376
3883389
3883416
3883437
3883492
3883813
3883814
3883835
3883930
3883848
3883234
3883167
3883155
3883106
3883807
3883078
3883017
3883571
3883574
3883679
3882712
3882751
3882876
3882961
3882371
3882398
3882483
3882499
3882502
3882234
3882241
3882381
3882494
3882570
3882632
3882638
3881648
3881672
3881368
3881499
3881746
3881762
3881789
3881900
3881935
3881963
3881966
3881947
3882017
3882142
3882193
3882150
3882036
3882207
3880690
3880803
3880938
3881145
3881154
3881227
3880884
3881390
3881531
3880652
3880517
3880526
3880571
3880412
3879470
3880441
3880369
3880392
3880417
3880325
3880341
3880349
3880254
3880251
3878533
3878537
3878552
3878647
3878657
3878360
3878861
3878939
3878954
3878947
3879051
0
3879123
3879255
3879910
3880086
3879943
3880085
3880048
3880151
3880195
3880155
3880138
3880132
3879276
3879333
3879344
3879848
3879150
3879325
3879599
3879426
3879608
3879613
3879463
3879461
3879652
3879537
3879659
3879666
3879697
3879765
3879783
3879780
3879826
3879865
3879895
3879913
3880009
3877901
3877951
3878092
3878022
3878028
3878117
3878104
3878095
3878217
3878232
3878291
3878297
3878413
3876463
3877205
3877086
3877117
3877217
3877234
3877278
3877059
3877203
3877274
3877318
3877431
3877420
3877688
3877687
3877698
3877815
3877841
3876929
3876978
3877066
3877017
3877021
3877078
3877139
3876787
3876689
3876698
3876568
3876532
3876494
3876492
3876675
3876648
3876239
3876582
3876464
3876386
3876238
3876319
3876305
3876263
3876237
3876124
3876125
3876121
3876820
3875695
3875827
3875872
0
3875742
3875915
3875634
3875650
3875950
3875976
3876008
3876020
3875583
3875557
3875251
3875117
3874895
3874960
3874995
3875011
3875032
3875173
3875233
3875249
3875348
3874405
3874441
3874310
3874271
3874422
3874580
3874531
3874518
3874678
3874875
3874888
3873765
3873886
3873896
3873900
3873783
3873904
3873994
3874021
3874039
3874043
3874128
3874133
3874173
3874114
3873715
3873464
3873712
3873708
3873629
3873195
3873267
3873339
3873014
3873404
3873408
3873338
3873485
3873452
3873506
3873209
3873598
3873510
3873633
3873110
3873111
3872111
3872116
3872101
3872095
3872172
3872206
3872241
3872264
3872316
3872379
3872434
3871938
3872545
3872549
3872551
3872418
3872402
3872320
3872481
3872649
3872647
3872776
3872784
3872825
3872877
3872958
3873035
3871797
3871920
3871849
3871832
3871811
3871802
0
3871753
3871750
3871465
3871462
3871617
3871786
3871937
3871930
3871960
3871986
3871943
3868415
3868710
3868696
3868906
3869077
3869207
3869220
3869310
3869352
3869458
3869477
3869548
3869494
3869636
3870001
3870004
3870049
3870097
3869961
3869971
3870046
3870213
3870179
3870286
3870407
3870498
3870529
3870473
3870519
3870601
3870623
3871104
3871149
3871203
3871223
3871226
3871228
3871437
3870598
3870705
3870664
3870777
3870864
3870967
3871078
3870753
3870725
3871099
3867073
3867095
3867191
3867231
3867271
3867248
3867253
3867450
3867460
3867468
3867476
3867333
3854368
3867521
3867596
3867655
3867665
3867706
3867559
3867759
3867868
3867862
3867890
3867885
3867964
3867981
3868015
3868016
3868033
3868043
3868047
3868134
3868180
3865597
3865662
3865360
3865750
3865614
3865688
3866015
3865826
0
3866098
3866233
3866237
3866315
3866365
3866378
3866011
3866131
3866284
3866361
3866477
3866510
3866540
3866596
3866618
3866679
3866731
3866655
3866852
3866858
3866779
3866961
3866906
3867028
3867002
3865377
3865348
3863287
3865441
3864306
3864353
3864514
3864315
3864596
3864636
3864663
3864692
3864723
3864776
3864473
3864505
3864818
3864821
3864607
3864839
3864697
3864872
3864879
3864824
3864735
3864960
3865073
3865163
3865210
3865183
3861647
3861789
3863677
3863744
3863740
3863826
3863820
3864018
3863886
3861879
3862066
3862124
3861634
3862098
3862031
3862267
3862297
3862225
3862427
3862458
3862574
3862640
3862670
3862829
3862909
3852438
3862942
3862896
3862901
3863241
3863262
3863392
3863386
3863464
3863619
3863625
3863734
3859103
3859003
3859052
3859120
3859158
3859178
3859266
3859225
0
3859333
3859342
3859420
3859459
3859788
3859756
3859839
3859871
3859874
3859876
3859907
3859933
3859975
3859951
3859931
3860033
3860393
3860267
3860182
3860413
3860432
3860519
3860517
3771281
3861136
3860531
3860742
3860694
3860643
3861347
3861407
3861430
3861467
3858127
3858027
3858001
3852939
3858231
3853154
3858407
3858442
3858467
3858457
3858550
3858598
3858611
3858738
3858689
3858800
3858817
3858845
3858955
3853138
3859037
3856454
3856462
3856675
3856964
3856988
3857065
3856823
3857083
3857087
3856486
3856802
3856737
3856748
3857196
3857138
3857123
3857120
3852998
3857369
3857254
3857473
3857516
3857588
3857614
3857375
3857384
3857426
3857724
3857810
3857865
3857886
3857921
3857924
3857936
3857940
3858009
3858026
3858033
3855232
3855359
3855121
3855305
3855378
3855341
3855519
3855369
0
3855477
3855627
3855630
3855692
3855573
3855555
3855697
3855720
3855777
3855869
3855753
3855901
3855938
3855855
3855995
3855856
3856078
3855987
3856188
3856247
3856291
3856301
3856352
3856416
3856603
3856626
3854342
3853877
3854307
3854424
3854195
3854328
3854300
3854279
3854270
3854379
3854377
3854362
3854426
3854665
3854805
3854801
3853998
3854118
3853933
3853822
3853801
3853550
3853622
3853689
3853470
3853461
3853295
3853339
3853603
3853287
3853241
3853458
3853370
3853291
3853275
3852595
3852625
3852670
3852735
3852719
3852781
3852806
3852896
3853177
3853204
3853219
3851636
3851685
3851738
3851861
3851864
3851895
3851937
3852030
3852138
3852171
3852298
3851994
3851894
3852395
3852553
3850871
3850873
3850824
3850816
3850924
3851046
3851076
3851025
3851092
3851307
3851373
3851162
3851441
0
3851462
3851501
3851538
3849145
3851555
3851536
3850622
3850552
3850636
3850570
3852277
3852415
3849485
3849648
3849813
3849839
3849690
3849702
3849817
3849808
3849943
3849954
3850150
3850186
3850260
3850294
3850193
3850314
3850373
3850520
3850545
3850556
3849346
3848743
3849323
3849287
3849032
3849247
3849223
3849210
3849199
3849460
3849469
3849181
3849164
3849160
3849389
3849341
3849500
3848137
3848133
3848136
3848320
3848505
3848517
3848406
3848408
3848509
3848461
3848656
3848655
3848635
3848812
3848948
3848906
3848856
3849135
3847686
3847685
3847725
3847846
3847849
3848055
3846843
3847191
3846914
3847317
3847351
3847297
3847549
3847584
3847595
3847605
3847425
3847635
3847473
3847606
3847521
3847776
3846222
3846000
3845966
3845964
3845929
3845900
3845896
3845894
3845799
3845829
3845696
0
3845715
3845739
3845615
3845533
3846037
3846031
3846033
3846142
3846389
3846411
3846305
3846232
3846440
3846554
3846563
3846570
3846594
3846658
3844014
3844227
3844234
3844297
3844411
3844412
3844416
3844448
3844451
3844228
3844345
3844567
3844317
3844584
3844628
3844511
3844449
3844687
3844750
3844790
3844851
3842537
3844986
3845050
3845078
3845127
3844971
3845139
3844915
3844926
3844878
3845019
3845028
3845244
3845272
3845563
3842761
3842882
3842890
3842909
3842748
3842700
3842702
3843050
3843126
3842866
3842811
3843018
3843074
3842790
3843169
3843209
3843313
3843319
3843352
3843364
3843376
3843029
3843531
3843534
3843536
3843421
3843706
3843710
3843751
3843646
3843590
3843809
3843716
3843687
3843818
3843927
3843958
3838320
3838345
3838586
3838695
3838946
3838768
3838829
3838961
3838966
0
3839014
3838978
3839319
3839394
3839190
3839189
3839155
3839493
3839444
3839568
3839810
3839835
3839840
3839901
3839845
3839779
3840061
3840086
3839902
3840163
3840365
3840550
3840552
3840468
3840441
3840644
3840736
3840738
3840760
3840771
3840822
3840755
3840834
3840921
3841190
3840487
3841206
3841211
3841633
3841769
3841778
3842060
3842071
3842216
3842260
3842314
3842365
3842413
3842524
3842603
3842640
3842639
3842605
3837665
3837735
3837644
3837646
3837638
3837579
3837794
3837811
3837853
3837678
3837664
3837897
3837917
3837777
3838049
3838078
3837920
3838119
3838082
3837994
3838176
3838184
3838274
3837025
3837054
3837164
3837198
3836500
3837402
3837418
3837187
3837323
3837266
3837386
3837354
3837481
3837610
3833788
3833730
3833900
3833885
3833886
3833875
3834131
3834193
3834375
3834394
0
3834420
3834578
3834500
3834613
3834631
3834680
3834769
3834893
3834919
3834926
3834845
3834905
3834869
3834524
3834989
3835041
3835085
3835136
3835153
3833660
3833431
3835235
3835238
3835101
3835034
3835015
3835365
3835364
3835354
3835466
3835816
3835682
3835823
3835755
3835909
3835968
3836007
3835912
3835891
3835894
3836088
3836093
3836109
3836085
3836095
3836073
3836319
3836213
3836298
3836321
3836422
3836442
3836507
3836551
3836650
3836687
3836699
3836526
3836460
3836585
3836656
3836849
3836921
3832313
3832355
3832597
3832740
3832819
3832800
3832849
3833082
3833047
3833103
3833167
3833247
3833369
3833387
3833394
3833324
3833403
3830964
3831214
3831271
3831205
3831320
3831353
3831370
3831374
3831344
3831477
3831497
3831501
3831576
3831644
3831662
3831520
3831605
3831503
3831684
3831802
0
3831905
3832045
3832063
3831928
3831885
3832005
3831999
3832128
3832085
3832201
3829235
3829256
3829245
3829078
3829095
3829212
3829006
3829075
3829038
3828990
3828796
3828954
3828980
3828910
3828966
3828951
3828644
3828886
3828863
3829818
3829878
3829963
3829968
3829834
3830011
3830120
3830098
3830182
3825172
3830292
3830615
3830629
3830753
3830691
3830688
3830624
3830618
3830802
3830805
3830913
3830902
3830899
3824965
3825090
3825512
3825594
3825648
3825651
3825501
3825784
3825680
3825838
3825965
3826034
3826010
3826209
3826145
3826284
3826286
3826343
3826399
3826523
3826605
3826625
3826592
3826664
3826804
3826830
3827022
3827321
3827265
3827363
3827405
3827578
3827579
3827511
3827546
3827609
3824987
3824947
3827674
3827773
3827653
3827664
3827633
3827623
3827890
3827914
3828022
3827944
0
3828049
3828058
3828060
3828131
3828007
3828270
3828120
3828247
3828235
3828313
3828415
3828503
3828691
3828798
3823818
3823944
3823759
3823752
3823841
3823967
3824073
3824327
3824450
3824459
3824526
3824622
3824566
3824647
3824759
3824789
3820985
3821015
3821021
3821072
3820848
3820996
3821618
3821700
3821781
3821834
3821857
3821920
3821933
3822051
3822141
3822231
3822267
3822477
3819456
3819569
3819602
3819625
3819634
3819641
3819880
3820035
3820076
3817190
3819926
3820186
3819844
3819950
3820372
3820462
3820695
3820549
3820786
3820839
3820942
3819296
3819269
3819198
3822466
3822415
3822409
3822384
3822367
3822364
3822718
3822824
3822892
3822997
3823000
3823018
3822560
3822880
3823357
3823250
3823515
3823571
3823630
3823588
3823614
3816479
3816826
3816829
3816831
3816881
3816587
3816911
0
3816855
3816983
3817091
3817040
3817168
3817172
3817294
3817318
3817440
3817528
3817527
3817467
3817591
3817658
3817696
3817695
3817757
3817590
3817701
3817820
3816378
3817946
3817972
3818103
3818168
3817812
3818201
3818275
3818340
3818355
3818388
3818172
3818262
3818506
3818743
3818765
3818702
3818787
3818629
3818871
3818999
3819050
3818974
3818938
3818895
3812116
3809999
3812371
3812434
3812616
3812662
3812619
3812850
3812852
3812998
3813177
3813202
3813010
3812963
3813085
3813118
3813258
3812037
3813451
3813460
3813796
3813812
3813869
3813697
3813771
3813972
3813759
3814012
3814040
3814044
3814026
3814253
3814479
3814304
3814545
3814577
3814635
3814516
3814542
3814604
3814706
3814701
3814705
3815015
3814970
3814965
3815023
3815088
3815095
3815162
3815169
3815235
3815262
3815301
3815355
0
3815356
3815059
3815256
3815508
3815589
3815606
3815639
3815422
3815663
3815432
3815516
3815864
3815870
3815871
3816274
3816147
3816074
3815951
3816210
3816310
3816745
3801281
3805167
3805357
3805695
3805892
3805719
3806023
3806134
3806076
3806115
3806095
3806140
3806162
3806244
3806188
3806385
3806393
3806438
3806640
3806511
3806888
3806796
3806802
3807069
3807099
3807203
3807317
3807544
3807311
3807551
3807600
3807374
3807429
3807754
3807730
3807782
3807785
3807939
3808200
3808248
3808322
3808169
3808279
3808486
3808544
3808610
3808716
3808757
3808713
3808731
3808852
3808850
3808930
3808965
3808989
3809016
3809014
3808906
3809048
3809065
3809121
3809109
3809131
3809195
3809379
3809781
3809858
3809694
3809869
3809911
3809899
3809840
3809917
3809932
3810040
3809981
3810062
3810081
3810106
0
3810123
3810153
3810173
3810230
3810250
3810289
3810341
3810342
3810442
3810451
3810364
3810245
3809551
3810466
3810467
3810517
3810716
3810707
3810678
3811042
3811074
3811124
3811208
3811216
3811077
3810988
3811275
3811364
3811399
3811403
3811424
3811429
3811427
3811435
3811439
3811451
3811366
3811347
3811343
3811255
3811467
3811494
3811478
3811551
3811608
3811688
3811731
3807085
3809786
3811706
3811725
3811657
3811799
3811879
3811908
3811935
3811948
3811977
3811552
3812027
3802887
3802901
3802917
3802982
3802956
3803005
3803015
3803369
3803362
3803405
3803544
3803604
3803722
3803698
3803813
3803788
3803880
3803902
3803915
3803912
3803882
3803937
3803944
3803953
3803980
3803982
3801565
3801643
3801721
3801873
3802054
3802123
3802186
3802231
3802012
3802299
3802407
3802363
3802461
3802480
0
3802529
3802447
3802617
3802625
3802659
3802674
3802637
3802777
3802812
3800748
3800752
3800850
3800575
3800663
3800954
3801081
3800992
3800999
3800965
3800964
3800989
3801166
3801223
3801272
3801342
3801376
3801386
3801580
3801697
3801498
3801499
3801635
3801611
3800739
3800686
3800459
3800461
3800487
3800453
3800226
3800118
3799949
3800070
3800027
3799745
3804027
3804111
3804100
3804271
3804304
3800842
3804331
3804366
3804408
3804450
3804464
3804500
3804514
3804518
3804580
3804592
3804633
3804945
3804384
3804365
3804361
3804364
3804496
3804511
3804515
3804430
3796235
3796251
3796469
3796413
3796378
3796377
3796529
3796557
3796555
3796669
3796779
3796782
3796797
3796816
3796807
3796871
3796902
3796895
3796892
3796886
3796888
3796881
3796876
3796906
3796960
3796210
3796201
3796125
3796152
0
3796079
3796050
3796197
3795779
3795542
3797117
3797302
3797337
3797315
3797290
3797422
3797434
3797411
3797568
3797706
3797755
3797791
3797955
3797538
3797609
3797781
3797764
3797709
3797684
3797679
3797879
3797813
3798053
3797934
3798127
3798167
3798214
3798263
3798291
3798360
3798366
3798429
3798489
3798546
3798665
3798719
3798738
3798925
3798954
3798973
3799183
3799255
3799259
3799350
3799400
3798564
3798702
3798690
3799492
3798798
3799534
3798924
3798917
3799560
3798996
3798978
3799620
3799261
3799262
3799300
3799677
3799417
3799641
3799590
3799576
3799651
3799760
3799878
3799893
3794489
3794512
3794742
3794743
3794190
3794807
3794029
3793980
3793815
3794895
3794691
3794971
3793672
3793613
3794682
3794655
3794994
3794797
3794869
3788718
3795088
3794960
3794956
3795043
3795181
3795212
0
3795286
3795297
3795319
3795351
3795352
3795429
3795421
3795555
3795688
3793515
3793601
3793603
3793587
3793560
3793197
3793876
3793920
3793949
3793960
3793995
3794188
3791480
3791515
3791703
3791714
3791417
3791394
3791484
3791479
3791672
3791792
3791986
3792016
3792020
3792021
3792030
3792164
3792141
3792168
3792187
3792202
3792215
3791387
3792284
3791678
3792330
3792391
3792549
3792552
3792575
3792671
3792782
3792803
3792852
3792955
3792987
3793038
3793133
3793149
3793158
3793192
3792862
3792918
3792917
3793247
3793251
3792960
3793032
3793018
3793098
3793289
3793238
3793116
3792908
3793361
3793354
3793353
3793388
3793399
3793416
3793429
3793406
3793391
3793373
3793471
3793287
3793516
3790497
3790588
3790595
3785715
3790676
3790745
3790789
3790799
3790567
3790623
3790653
3790627
3790884
0
3790774
3790733
3790984
3791052
3791093
3791084
3791196
3791209
3791201
3791307
3791241
3786142
3786236
3786404
3786403
3786488
3786550
3786547
3786590
3786435
3786414
3786656
3786588
3786702
3786780
3787113
3787180
3787237
3787254
3787245
3787306
3787287
3787286
3787341
3787350
3787423
3787422
3787425
3787487
3787472
3787676
3787750
3787751
3787827
3787784
3787815
3787872
3787858
3788245
3788267
3788331
3788419
3788434
3788058
3788290
3788288
3788264
3788324
3788231
3788343
3788519
3788589
3788632
3788667
3788776
3788862
3788842
3788999
3789023
3789072
3789116
3789227
3789218
3789237
3789245
3789279
3789292
3788981
3789157
3789144
3789334
3789475
3789846
3789889
3789652
3789762
3789939
3789970
3789993
3790010
3790050
3790092
3790153
3790192
3790219
3790223
3790244
3789845
3789813
3789786
0
3790021
3789976
3790339
3790088
3790089
3790079
3790156
3790327
3790279
3790271
3784190
3784792
3784838
3784890
3784904
3784690
3784738
3784798
3785031
3784997
3785042
3785066
3785086
3785045
3785101
3785122
3785159
3785198
3785247
3785292
3785454
3785296
3785515
3785608
3785631
3785704
3785556
3785642
3785845
3786034
3786028
3786067
3786102
3782842
3782882
3782547
3782722
3782982
3782784
3782775
3782777
3783226
3783347
3783277
3783341
3783487
3783507
3783689
3783598
3783728
3783729
3783897
3784028
3784051
3783732
3783816
3783812
3783743
3783965
3783985
3784080
3784046
3784714
3784720
3784737
3784769
3784786
3784257
3784277
3784319
3784185
3784363
3784533
3784579
3780656
3779588
3780522
3780533
3780694
3780680
3775918
3780957
3780872
3781249
3781276
3781319
3781376
3781669
3781685
3781941
0
3778047
3781989
3782048
3782057
3782096
3782127
3781819
3781797
3782126
3782113
3782108
3781993
3782200
3782210
3782171
3782366
3782245
3778888
3778903
3779044
3778876
3778874
3779191
3779251
3779230
3779413
3779422
3779267
3779464
3779426
3779544
3779648
3779724
3779758
3779875
3779900
3779901
3779913
3779915
3780020
3779685
3779760
3780102
3779911
3779818
3780203
3780219
3780271
3780302
3780430
3780425
3780444
3780495
3776157
3776315
3776046
3775951
3776068
3775938
3775849
3776312
3776304
3776351
3776411
3776432
3776659
3776627
3776684
3776705
3776676
3776744
3776898
3776900
3776822
3777058
3777174
3777252
3777247
3777600
3777555
3777711
3777664
3777775
3777815
3778825
3777896
3777889
3778126
3778144
3778025
3778241
3778231
3778123
3778075
3778122
3778332
3778672
3778761
3778381
3778388
0
3778384
3778400
3774175
3774259
3774150
3774244
3773742
3774053
3773786
3773825
3774008
3773869
3773774
3773604
3773672
3773663
3773579
3774442
3774548
3774834
3774838
3774793
3774772
3774900
3775009
3775036
3775047
3775081
3775259
3775270
3775429
3775466
3775587
3775359
3775370
3775458
3775580
3775644
3775628
3775704
3775745
3775700
3775760
3772509
3772596
3772904
3773013
3772829
3773001
3773042
3773181
3773131
3773127
3773074
3773258
3773182
3773266
3773384
3773489
3773505
3773468
3773542
3773543
3769421
3769435
3769490
3769660
3769776
3769841
3769854
3769782
3769793
3769986
3770004
3770011
3770077
3770073
3770056
3770147
3770150
3770251
3770275
3770514
3770332
3770339
3770599
3770585
3770544
3770511
3770619
3770706
3770806
3770761
3770955
3771018
3771036
3771082
3771092
3771124
3770943
0
3770956
3771198
3771061
3771026
3771021
3771010
3771069
3771337
3771451
3771364
3771637
3771644
3771673
3771681
3771693
3771639
3771692
3771697
3771867
3771898
3771984
3771826
3771822
3771929
3771886
3772116
3772063
3772152
3772161
3772186
3772189
3772289
3772314
3772403
3772429
3772484
3772481
3767404
3767152
3767423
3767480
3767538
3767620
3767625
3767755
3767694
3767718
3767955
3767969
3767947
3767937
3768051
3768193
3768242
3768268
3768273
3768347
3768384
3768339
3768510
3768520
3768463
3768516
3768563
3768562
3768785
3768804
3768775
3768908
3768962
3768924
3768931
3769033
3769255
3769242
3769283
3769288
3769278
3747290
3756269
3756893
3757620
3757938
3758319
3758448
3758491
3758392
3758387
3758685
3758876
3758996
3758989
3759111
3759611
3759203
3759661
3759552
3759764
3759762
3759901
0
3759967
3760125
3760104
3760043
3760034
3760238
3760259
3760362
3760460
3760473
3760479
3760607
3760649
3760953
3760973
3760944
3761265
3761341
3761538
3761556
3761858
3761968
3762079
3762170
3762007
3762135
3762133
3762149
3762394
3762469
3762642
3762689
3761819
3762851
3762890
3762990
3763135
3763105
3763182
3763207
3763247
3763250
3763438
3748537
3763697
3763775
3763388
3763573
3763825
3763837
3763832
3764190
3764030
3763951
3764173
3764334
3764329
3764421
3764550
3764638
3764623
3764639
3764726
3764729
3764721
3764739
3764747
3764771
3764806
3764837
3764954
3764917
3765188
3765229
3765220
3765251
3765190
3765244
3765187
3765260
3765471
3765574
3765111
3765630
3765774
3765682
3765836
3765823
3765917
3765966
3765969
3765938
3765876
3765994
3765974
3766016
3766010
3766068
3766288
3766176
0
3766153
3766410
3766494
3766210
3766295
3766274
3766448
3766659
3766900
3766928
3767015
3766882
3766871
3767080
3766983
3767192
3767217
3767264
3767292
3755228
3754514
3754492
3754498
3754650
3754524
3754469
3754503
3754513
3754607
3754696
3754793
3754792
3754889
3754819
3754891
3754868
3755010
3755040
3755031
3755078
3755085
3755184
3756196
3756230
3756231
3756330
3756333
3756343
3756427
3756408
3756486
3755231
3755240
3755242
3755412
3755513
3755314
3755297
3755289
3755203
3755541
3755425
3755392
3755569
3755756
3755782
3755807
3755893
3755985
3756075
3755899
3753626
3753406
3753309
3753354
3753378
3749936
3753266
3753256
3753245
3753227
3753014
3752918
3753144
3753071
3752944
3753641
3753708
3753655
3753621
3753769
3753917
3753711
3753693
3753749
3753950
3753905
3753990
3754047
3754011
0
3754075
3754081
3754233
3754267
3754268
3754285
3754298
3754326
3751759
3751859
3751731
3751692
3751700
3751714
3751675
3751635
3751649
3751640
3751530
3751267
3751439
3751890
3751892
3751867
3752073
3752109
3752132
3752286
3752360
3752395
3752454
3752496
3752173
3752195
3752558
3752561
3752585
3752579
3752638
3752622
3752613
3752761
3752771
3752778
3750535
3750581
3750601
3750617
3750425
3750414
3750461
3750503
3750725
3750547
3750542
3750546
3750525
3750731
3750708
3750749
3750932
3750828
3750829
3750966
3751104
3751167
3751217
3747556
3747568
3747584
3747630
3747651
3747455
3747453
3747440
3747662
3747813
3747928
3748025
3748197
3748216
3748231
3748230
3748326
3746925
3748386
3748096
3748145
3748130
3748491
3747449
3747329
3747200
3747167
3747142
3747129
3747111
3747033
3747012
3746632
0
3746517
3748264
3748417
3748256
3748452
3748433
3747993
3748611
3748632
3748639
3748830
3748857
3748915
3749032
3749030
3749061
3749082
3749093
3749194
3749264
3749284
3749239
3749296
3749464
3749550
3749470
3749514
3749651
3749772
3750031
3750105
3749834
3749833
3749799
3749937
3749902
3749868
3750224
3749952
3750162
3750377
3733391
3745682
3745798
3745841
3745877
3745917
3745953
3746231
3746202
3746160
3746124
3746206
3746471
3746465
3746463
3746506
3746569
3746573
3746575
3746586
3742913
3743049
3743069
3743091
3743099
3742830
3741829
3743113
3742978
3743260
3743653
3743869
3743896
3743659
3743964
3743761
3744072
3743941
3744178
3744169
3744045
3744042
3743800
3744196
3744254
3744328
3744398
3744547
3744558
3744570
3744611
3744697
3744748
3744852
3744900
3745269
3745283
3745075
3745311
0
3745380
3745183
3745184
3745413
3745487
3745274
3745195
3745529
3745512
3745445
3738926
3738958
3739037
3739223
3739323
3739124
3739096
3739242
3739346
3739342
3739345
3739473
3739429
3739408
3739468
3739589
3739738
3739722
3739766
3739983
3739987
3740351
3740414
3740469
3740477
3740483
3740495
3740541
3740655
3740705
3740764
3740773
3740718
3740909
3740910
3740921
3740978
3741275
3741558
3741532
3741513
3741579
3741582
3741703
3741735
3741820
3741643
3741663
3741890
3741897
3742189
3742274
3742249
3742426
3742474
3742461
3742623
3742519
3742694
3742737
3742752
3736878
3737165
3736953
3737121
3737032
3737318
3737349
3737424
3737384
3737432
3737479
3737577
3737576
3737667
3737508
3737761
3737696
3737863
3737864
3737972
3737807
3737768
3737753
3738697
3738735
3737724
3738048
3738064
3738100
0
3738102
3738388
3738413
3738503
3738511
3738514
3738526
3738527
3735535
3735662
3735670
3735707
3735755
3735516
3735503
3735480
3735789
3735529
3735871
3735749
3735713
3735743
3736038
3736054
3736093
3736202
3736160
3733684
3736438
3736512
3736257
3736260
3736363
3736467
3736632
3736752
3736737
3736955
3736988
3736991
3734094
3734206
3734175
3734126
3734312
3734231
3734188
3734265
3734159
3734349
3734314
3734440
3734448
3734479
3734456
3734477
3734519
3734537
3734610
3734525
3734568
3734674
3734681
3734645
3734729
3734697
3734853
3734792
3734970
3734990
3735024
3734796
3735021
3735104
3735251
3735241
3735311
3735415
3735353
3728750
3728624
3728967
3728934
3729325
3729257
3729579
3729774
3729640
3729944
3730090
3730107
3730119
3730313
3730289
3730292
3730299
3730355
3730439
3730446
3730555
0
3730717
3730703
3730757
3730780
3730733
3730728
3730722
3730788
3730909
3730982
3730975
3731033
3731117
3731333
3731342
3731362
3731334
3731265
3731584
3731505
3731490
3731716
3732841
3732909
3732941
3732760
3732126
3733093
3733192
3733205
3724501
3733239
3727575
3733400
3733302
3733417
3733432
3733545
3733574
3733607
3733622
3733688
3733524
3733760
3733765
3733731
3733724
3733716
3733679
3733933
3731598
3731577
3731758
3731806
3731810
3731839
3731725
3731679
3731699
3731887
3731831
3731755
3731914
3731920
3732181
3732215
3732247
3732074
3732214
3732448
3732562
3732729
3732836
3728522
3728771
3728795
3728013
3728017
3728054
3728170
3728304
3728265
3728336
3728347
3728367
3728437
3726859
3726804
3727119
3727145
3727244
3727224
3727275
3727313
3726234
3727487
3727552
3727618
3727651
3727674
0
3727444
3727473
3727485
3727545
3727519
3727572
3726941
3726635
3726915
3725203
3725144
3725250
3725249
3725457
3725532
3725444
3725418
3725611
3725667
3725700
3725717
3725844
3725478
3725898
3725601
3725573
3725740
3725772
3725725
3725679
3725922
3725916
3725870
3725996
3725377
3726049
3726012
3725998
3726113
3726194
3726217
3726243
3726331
3726102
3726241
3726160
3726313
3726310
3723954
3726582
3726607
3726555
3726587
3726556
3726630
3726638
3726772
3724306
3724336
3724302
3724235
3724163
3724126
3723968
3723912
3723901
3724088
3724051
3723911
3723872
3723833
3723744
3723770
3723761
3724361
3724364
3724416
3724429
3724428
3724484
3724520
3724551
3724587
3724593
3724485
3724527
3724776
3724891
3724663
3724657
3724652
3724947
3724771
3724760
3724716
3724835
3724914
3724955
3722479
3722782
0
3723025
3722939
3723119
3723135
3723154
3723127
3723239
3723296
3723265
3723391
3723490
3723338
3723569
3723566
3723527
3723623
3723672
3723670
3723710
3723677
3721204
3721337
3721483
3721267
3721377
3721584
3721503
3721602
3721600
3721528
3721619
3721698
3721744
3722040
3722059
3722077
3722081
3722083
3722130
3722057
3722208
3722215
3722182
3722387
3722333
3722323
3722444
3722575
3720028
3720013
3720051
3720234
3720282
3720265
3720379
3720390
3720465
3720489
3720509
3720541
3720603
3720640
3720642
3720674
3720701
3720725
3720769
3720795
3720713
3720919
3720766
3721004
3717844
3717900
3717992
3718073
3718087
3718095
3717996
3718109
3718334
3718608
3718760
3718830
3718924
3718937
3718980
3718986
3719013
3719106
3719120
3719171
3719190
3719305
3719447
3719424
3719476
3719482
3719535
3719456
0
3719509
3719682
3719631
3719602
3716284
3716260
3716409
3710322
3716598
3716615
3716623
3716552
3716580
3716649
3715549
3715524
3715424
3715364
3715341
3715332
3715235
3715200
3715135
3714947
3714973
3714847
3717797
3716651
3716828
3716839
3716867
3716676
3717566
3717537
3717630
3717740
3716767
3716858
3716942
3717081
3717120
3717123
3717136
3717172
3717152
3717508
3717512
3717423
3717290
3717518
3717183
3707644
3717299
3717406
3712714
3712717
3712511
3712705
3712374
3712356
3712469
3712871
3712873
3712972
3713014
3713215
3713053
3713171
3713222
3713211
3713439
3713443
3713445
3713411
3713401
3713627
3713554
3713659
3713692
3713700
3713735
3713744
3713676
3713758
3713801
3713925
3713905
3714142
3714172
3714178
3714848
3714759
3714779
3714775
3714824
3714704
3714234
3714053
3714254
3714318
0
3714488
3714561
3714585
3714518
3714636
3714728
3714247
3714228
3714375
3713877
3714090
3711272
3710329
3710570
3710575
3710411
3710669
3710682
3710737
3710973
3711050
3711216
3711248
3711252
3711118
3710483
3710468
3710288
3706655
3711357
3711376
3711347
3712116
3712130
3712134
3712137
3712063
3712047
3712133
3711254
3712190
3712276
3712287
3712268
3712256
3711341
3711434
3711553
3711590
3711580
3711600
3711638
3711623
3711661
3711652
3711708
3711776
3711861
3711893
3711802
3711820
3712051
3712065
3712102
3708352
3708248
3708253
3708342
3708429
3708559
3708721
3708700
3708675
3708639
3708924
3709044
3709045
3709076
3709137
3709391
3707492
3707533
3707588
3707633
3707641
3707815
3707834
3707837
3707693
3707861
3707844
3707848
3707804
3707950
3707962
3708058
3708113
3708005
3708188
3708129
0
3708141
3708210
3708218
3709291
3709395
3709431
3709329
3709472
3709554
3709614
3709507
3709611
3709741
3709748
3709823
3709756
3709849
3707802
3709944
3710006
3709848
3710215
3709871
3710090
3710063
3705703
3705778
3705851
3705844
3705987
3705994
3706022
3706168
3706202
3706334
3706494
3706154
3706113
3706077
3706601
3706185
3706032
3706531
3706463
3706358
3706664
3706840
3706919
3706194
3707065
3707067
3707087
3707119
3707305
3707348
3707375
3707394
3707015
3707018
3707108
3707543
3707307
3707549
3707552
3704416
3704495
3704541
3704696
3704625
3704616
3704756
3704825
3704826
3704896
3705000
3705068
3705024
3705008
3704988
3705292
3705294
3705328
3705311
3705377
3705411
3705601
3705600
3705675
3705734
3705795
3702566
3702785
3702503
3702702
3702619
3702614
3702591
3702526
3702509
3702393
0
3702265
3702744
3702833
3702940
3703006
3703076
3703216
3703226
3703249
3703316
3703215
3703260
3703375
3703383
3703415
3703444
3703547
3703647
3703968
3704001
3704062
3703958
3704085
3704194
3704207
3704175
3700635
3700557
3700643
3700648
3700674
3700700
3700921
3700879
3701006
3701047
3701326
3701298
3701468
3701411
3701530
3701652
3701667
3701570
3701591
3702035
3701794
3701657
3701962
3702054
3702068
3702076
3702220
3702208
3697652
3697433
3697541
3697494
3697853
3697824
3697797
3697954
3698022
3697925
3698119
3698143
3698262
3698330
3698268
3698507
3699596
3699950
3700002
3700041
3700145
3700180
3699926
3699859
3699978
3700161
3700294
3700295
3700433
3699906
3699834
3698395
3698577
3698716
3698759
3698809
3698797
3699007
3699021
3698968
3698945
3699071
3699158
3699192
3699212
3699287
0
3699182
3699346
3699392
3699506
3699575
3699452
3699682
3699651
3693891
3693877
3693979
3693981
3694112
3694118
3694008
3694038
3694033
3694233
3694237
3694232
3694226
3694189
3694771
3694841
3694859
3694970
3694926
3695055
3693186
3693325
3693295
3695058
3695251
3695467
3695415
3695538
3695652
3695692
3695708
3695758
3695887
3695822
3696169
3696196
3696272
3696355
3696360
3696361
3696152
3696379
3696256
3696217
3696426
3696388
3696344
3696226
3696519
3696454
3696589
3696730
3696802
3696680
3696749
3696728
3696926
3697320
3696912
3696970
3696971
3697064
3697099
3697103
3697104
3697109
3697150
3697165
3696942
3696911
3692238
3692852
3692940
3692839
3693016
3693036
3693107
3693294
3693329
3693478
3693526
3693376
3693369
3693528
3693564
3693625
3693653
3693720
3693769
3693449
3690642
3690575
0
3690679
3690508
3690372
3690301
3690299
3690497
3690391
3689969
3691054
3691014
3691168
3691284
3691363
3691396
3691458
3691436
3691475
3691531
3691505
3691542
3691546
3691536
3687174
3691612
3691611
3691683
3691744
3691720
3691726
3692076
3692082
3692124
3692173
3692281
3692491
3692627
3692317
3692532
3692663
3692692
3692819
3692817
3692861
3691871
3691889
3691906
3691928
3691955
3691958
3691141
3691114
3691000
3691234
3688799
3688639
3688726
3688843
3688883
3688913
3688936
3689013
3688333
3688508
3688281
3688209
3688119
3688220
3689140
3689180
3689241
3689284
3689040
3689258
3689115
3689096
3689454
3689463
3689497
3689510
3689580
3689703
3689805
3689847
3689858
3689527
3689731
3689996
3690246
3684615
3685022
3684739
3685650
3685777
3685812
3685891
3685825
3685985
3686089
3686181
3686192
0
3686039
3686518
3686527
3686388
3686343
3686430
3686626
3686913
3687015
3687064
3687210
3687100
3687155
3687197
3687185
3687231
3687450
3687528
3687716
3687860
3687862
3687979
3688037
3688020
3686259
3686279
3686113
3686391
3682787
3682699
3682686
3682599
3682557
3682430
3682420
3682902
3682503
3682482
3682562
3682974
3682982
3682988
3682992
3683154
3683220
3683236
3683255
3683453
3683535
3683225
3683210
3683204
3683275
3683332
3683291
3683389
3683581
3683548
3683646
3683627
3683717
3683782
3683916
3683931
3684089
3684108
3684132
3684200
3683878
3684211
3684249
3684163
3684219
3684465
3684473
3684543
3684555
3680172
3680203
3680219
3680281
3680310
3680314
3680541
3680678
3680671
3680752
3680808
3680963
3681013
3681037
3681120
3681149
3681276
3681300
3681206
3681416
3681418
3681403
3681406
0
3681423
3681382
3682271
3681452
3681552
3681585
3681651
3681569
3681735
3681761
3681833
3681859
3681705
3681692
3681889
3681905
3681914
3681757
3682007
3681985
3681995
3682128
3682220
3678236
3678235
3678286
3678253
3678112
3678003
3677902
3678035
3678383
3678417
3678554
3678564
3678596
3678620
3678613
3678699
3678678
3678789
3678794
3678862
3678962
3678969
3679011
3678992
3678956
3678944
3678921
3679100
3679036
3679195
3679199
3679240
3679273
3679254
3679308
3679481
3679505
3679523
3679672
3679710
3679711
3679475
3679476
3679346
3679522
3679760
3679821
3679678
3679825
3679820
3679788
3679756
3679872
3679894
3679929
3679888
3679878
3679942
3679941
3679960
3680007
3680098
3680075
3680108
3679984
3679976
3679922
3674368
3674389
3674417
3674516
3674351
3674526
3674644
3674672
3674636
3674721
0
3674719
3674738
3674789
3674814
3675004
3675069
3675082
3675106
3675179
3674874
3675223
3675246
3675257
3675284
3675256
3675535
3675604
3675704
3675709
3675683
3675770
3675789
3675814
3676044
3676050
3675793
3676071
3675848
3676126
3676325
3676338
3676341
3676347
3676380
3676374
3676516
3676407
3670549
3676652
3676689
3676795
3676798
3676894
3676918
3676914
3677067
3677075
3677178
3677322
3677493
3677529
3677590
3677631
3677447
3677342
3677496
3677479
3677637
3677737
3677777
3677808
3677932
3672279
3672300
3672307
3672434
3672060
3672274
3672220
3672508
3672380
3672370
3672591
3672531
3672517
3672656
3672690
3668595
3672643
3672826
3672811
3672863
3672892
3672979
3673047
3672858
3672905
3672816
3672799
3673116
3673290
3674041
3674273
3674256
3674223
3674147
3673255
3673449
3673455
3673419
0
3673404
3673469
3673452
3673529
3673486
3673544
3673712
3673818
3673750
3673861
3673757
3673920
3673858
3673986
3674141
3674146
3674152
3674174
3674198
3673994
3674234
3674245
3674263
3669191
3669193
3668281
3668162
3668383
3668434
3668511
3668639
3669343
3668742
3669397
3669050
3669567
3669707
3669764
3669937
3670049
3670071
3670020
3670138
3670196
3670197
3670356
3670370
3670412
3670459
3670350
3670820
3670863
3670950
3670682
3670657
3670747
3671080
3671169
3671171
3671227
3670865
3670854
3670847
3670925
3670917
3671087
3671027
3671119
3671251
3671286
3671254
3671292
3671338
3671618
3671709
3671739
3671758
3671407
3671409
3671448
3671771
3671757
3671858
3671935
3671895
3672034
3672035
3671973
3672054
3672085
3665731
3665875
3666020
3665887
3666351
3666081
3666114
3665841
3665836
3666141
0
3666418
3666447
3666364
3666511
3666590
3666509
3666517
3666467
3666615
3666670
3666734
3666747
3666780
3666750
3666930
3666955
3667082
3667259
3667577
3667632
3667656
3667678
3667688
3667711
3667728
3667744
3667521
3666897
3667332
3667300
3667288
3667274
3667871
3668819
3668928
3667908
3667452
3667967
3667774
3667739
3667699
3668046
3668005
3667927
3668216
3668237
3668278
3668295
3668095
3668225
3668215
3668148
3668374
3668435
3660010
3659840
3668507
3668560
3668575
3668638
3668671
3668772
3668799
3658752
3658867
3658812
3659106
3659233
3659251
3659605
3659602
3659763
3659880
3659988
3659967
3657392
3657648
3657940
3657720
3658087
3658141
3658030
3658062
3658731
3660184
3660194
3660293
3660282
3660436
3660573
3660487
3660689
3660686
3660637
3660678
3660714
3660916
3661045
3661161
3661548
0
3661467
3661280
3661739
3661744
3661786
3661797
3661791
3662193
3662016
3661986
3662202
3662079
3662422
3662323
3662319
3662251
3662467
3662498
3662684
3662616
3662954
3662696
3662851
3663055
3663090
3663151
3663295
3663303
3663606
3663287
3663188
3663291
3663935
3663926
3663992
3663990
3664055
3664253
3664450
3664374
3664559
3664556
3664659
3664677
3664797
3664789
3664959
3665009
3664871
3665075
3665059
3665120
3665186
3665191
3665197
3665209
3665177
3665285
3665441
3665468
3665277
3665604
3665400
3665378
3665610
3665647
3654989
3655072
3655128
3655156
3655060
3655211
3655475
3655500
3655504
3655514
3655522
3655523
3655616
3655692
3655751
3655791
3655856
3655790
3655843
3656221
3656090
3656038
3656228
3656264
3656254
3656270
3656287
3656313
3656178
3656398
3656442
3656437
3656419
3656374
0
3656357
3656438
3656615
3656672
3656630
3656558
3656711
3656854
3656907
3657035
3657099
3657213
3657264
3657283
3656937
3656935
3657342
3657345
3657224
3657409
3657418
3657266
3657240
3657304
3639976
3640976
3641130
3642509
3643211
3644188
3645767
3646883
3647461
3647391
3648253
3647549
3648301
3648803
3648873
3649036
3649089
3649197
3649297
3649234
3649628
3649633
3649667
3649730
3649461
3649898
3649626
3649895
3650018
3650166
3650099
3650187
3650179
3650278
3650444
3650416
3650460
3650709
3650734
3650826
3651020
3651109
3650547
3650745
3651161
3651171
3650936
3651102
3651052
3651252
3651263
3651582
3651848
3651874
3651892
3651269
3651243
3651293
3652090
3651767
3652202
3651970
3652367
3652264
3652258
3652487
3652509
3652465
3652773
3652873
3652883
3652874
3652940
3652932
3652974
3652578
0
3653158
3648351
3653386
3653416
3653219
3653192
3653166
3653135
3653287
3653434
3653376
3653510
3653556
3653619
3653690
3653706
3653847
3653743
3653884
3654032
3653925
3653934
3654136
3654262
3654268
3654192
3654257
3654241
3654333
3654372
3654394
3654448
3654488
3654512
3654323
3654670
3654500
3654723
3654745
3654812
3654857
3654846
3654804
3654885
3655016
3655029
3629105
3629198
3629352
3629342
3629327
3629603
3629599
3629510
3629937
3629965
3630117
3629894
3630236
3630087
3630126
3630297
3629994
3630303
3630417
3629961
3628592
3629381
3629358
3629317
3629034
3629743
3629646
3630346
3630445
3630598
3630688
3630606
3630611
3630602
3630826
3629125
3631061
3631102
3631264
3631316
3631188
3631355
3631358
3631414
3631424
3631441
3631458
3627053
3627199
3627022
3626902
3626771
3626783
3626622
0
3627118
3627083
3626191
3626186
3626378
3627020
3626964
3626792
3626424
3626419
3626184
3627249
3627269
3627296
3627279
3627399
3627405
3627445
3627374
3627487
3627367
3627543
3627568
3627667
3627695
3627785
3627832
3628119
3628166
3628356
3627506
3627501
3627499
3627662
3627669
3627766
3627843
3628484
3628066
3628591
3628620
3628324
3628272
3628609
3628715
3628704
3628841
3628863
3628825
3623128
3623271
3622237
3621729
3622317
3620090
3623362
3623372
3623417
3622551
3623053
3623062
3623189
3623228
3623493
3623468
3623866
3623902
3623887
3623970
3624280
3624221
3624090
3624327
3624357
3624388
3624385
3624368
3624342
3624449
3624542
3624456
3624610
3624638
3624664
3624926
3622696
3624885
3624947
3624916
3625228
3625145
3625094
3625353
3625568
3625563
3625636
3625692
3625598
3625855
3625788
0
3625874
3625867
3625980
3626035
3617811
3617884
3618052
3618094
3618106
3618131
3618138
3617942
3618355
3618121
3618567
3618569
3618580
3618597
3618668
3618623
3618606
3618725
3618810
3618844
3618753
3619020
3619067
3618888
3619079
3618996
3618985
3619259
3619178
3619122
3619156
3619317
3619352
3619433
3619435
3616363
3619498
3619627
3619695
3619800
3619630
3619793
3619790
3619951
3620098
3620139
3620160
3620193
3620154
3620128
3620108
3620244
3620188
3620535
3620558
3620581
3620733
3620830
3620527
3620471
3620488
3620680
3620790
3620789
3620778
3620935
3620937
3620952
3620986
3621032
3620991
3621134
3621198
3621311
3621390
3621215
3621462
3621471
3621449
3621494
3621562
3621797
3621928
3622069
3622086
3622431
3622146
3622509
3622737
3622779
3622901
3623083
3623086
3623088
3611387
3612045
0
3612082
3612022
3612204
3612211
3612407
3612428
3612522
3612403
3612399
3612454
3612527
3612934
3612963
3612989
3612977
3613160
3613190
3613281
3613399
3613416
3613629
3613444
3613601
3613719
3613748
3613778
3613851
3613829
3613954
3613935
3614109
3614196
3614294
3614380
3614336
3614395
3614466
3614472
3614169
3614304
3614492
3614497
3614523
3614663
3614740
3614798
3614853
3614743
3614720
3615042
3615108
3615265
3615270
3615302
3615019
3614923
3615047
3615102
3615173
3615206
3615491
3615545
3615431
3615473
3615581
3615683
3615716
3615776
3615904
3616061
3616091
3615796
3616212
3616142
3616299
3616231
3616246
3616307
3616316
3616317
3616380
3616413
3616458
3616574
3616651
3616706
3616466
3616459
3616665
3616728
3616736
3616594
3616676
3616716
3616713
3616784
3616803
3616911
3617079
3617082
0
3617223
3617191
3617489
3617470
3617573
3617351
3617435
3617636
3617604
3617586
3617588
3617589
3617584
3617698
3617770
3617785
3617751
3617849
3609813
3609896
3610007
3610014
3610054
3610149
3610217
3610287
3610055
3610211
3610234
3610478
3607991
3610543
3610544
3610616
3610654
3610777
3610847
3610670
3610655
3610911
3610755
3610745
3610932
3610792
3611033
3611023
3610991
3611105
3611130
3611119
3611009
3611207
3611310
3611388
3611457
3611463
3611312
3611468
3611371
3611380
3611363
3611544
3611617
3611671
3611473
3611478
3611434
3611775
3611813
3611819
3611818
3607895
3607915
3608040
3608141
3608087
3608186
3608248
3608310
3608285
3608261
3608304
3608483
3608552
3608485
3608714
3608733
3608789
3608466
3608753
3608967
3609033
3609084
3609113
3609099
3609155
3609214
3607385
3609251
3609277
0
3609280
3609299
3609300
3609296
3609380
3609393
3609499
3609441
3609504
3609613
3573889
3609659
3609653
3609727
3609724
3609817
3606297
3604875
3605001
3605100
3605166
3605204
3605311
3605338
3605412
3605514
3605558
3605551
3605621
3605653
3605688
3601445
3601446
3601442
3601444
3605753
3605800
3605734
3605834
3605729
3605877
3605958
3605971
3606000
3606093
3606114
3606116
3606200
3606174
3606145
3606348
3606497
3606342
3606561
3606456
3606621
3606783
3606761
3606738
3606898
3606931
3606850
3606828
3606975
3606993
3607071
3607073
3607346
3607370
3607404
3607465
3607508
3607497
3607523
3607436
3607448
3607488
3607487
3607486
3607668
3607689
3607709
3607681
3607729
3607763
3603145
3603387
3603220
3603449
3603459
3603420
3603505
3603492
3603517
3603520
3603545
3603573
3603615
3603599
3603678
0
3603862
3603911
3604100
3603575
3604241
3604271
3604030
3604263
3604279
3604364
3604307
3604299
3604435
3604431
3604547
3604550
3604631
3604634
3604645
3604656
3604657
3604659
3604660
3604662
3604664
3604665
3604666
3604667
3604697
3604855
3604988
3604831
3604836
3601861
3601618
3601579
3601979
3601660
3602028
3601783
3601800
3601870
3602183
3602180
3602109
3602075
3602270
3602227
3602259
3602306
3602344
3602318
3602530
3602538
3602644
3602678
3602684
3602685
3602723
3602728
3602740
3602777
3602793
3602803
3602835
3602851
3602855
3602886
3602901
3602910
3602917
3602949
3602960
3602993
3602586
3602561
3602558
3602451
3602727
3602656
3602773
3602772
3602995
3602925
3602962
3602954
3602941
3603088
3603092
3603128
3603132
3603163
3600323
3600179
3600173
3600418
3600231
3600401
3600307
3600483
0
3600517
3600607
3600537
3600630
3600679
3600697
3600736
3600717
3600739
3600716
3600662
3600729
3600724
3600800
3600862
3601045
3601147
3601263
3601190
3601255
3601666
3601722
3601301
3601456
3599326
3599423
3599348
3599352
3599540
3599584
3599481
3599639
3599661
3599705
3599717
3599721
3599759
3599650
3599537
3599518
3599776
3599761
3599760
3599821
3599932
3600065
3600067
3600180
3600210
3600250
3598612
3598858
3598873
3598952
3598702
3598713
3598837
3599058
3599075
3598920
3598927
3598890
3599039
3599170
3599084
3599154
3597019
3596923
3596916
3597017
3596958
3597180
3597222
3597238
3597244
3597263
3597338
3597396
3597419
3597486
3597249
3597356
3597327
3597641
3597265
3597377
3597456
3597378
3597721
3597684
3597767
3597739
3597850
3597971
3598153
3598221
3598257
3598308
3598454
3598483
0
3598501
3598544
3598572
3598576
3595798
3593883
3595738
3595874
3595875
3596109
3596114
3595851
3595885
3596043
3596200
3596206
3596317
3596326
3596328
3596411
3596325
3596447
3596489
3596643
3596667
3596694
3596841
3596837
3596848
3596849
3596893
3596962
3594074
3594017
3593978
3594114
3594188
3594317
3594347
3594493
3594525
3594618
3594614
3594577
3586714
3594910
3594979
3595041
3594963
3595165
3595166
3595080
3595331
3595434
3595494
3595544
3595549
3595685
3593164
3587731
3592981
3592919
3592742
3592817
3592738
3592728
3592685
3592671
3592574
3592568
3592404
3592461
3592276
3593129
3593135
3593236
3590223
3593275
3593351
3593364
3593239
3593377
3593369
3593487
3593503
3593524
3593455
3593424
3593436
3593638
3593770
3593798
3593513
3593536
3593631
3593866
3593874
3593969
3594034
3591829
0
3592216
3591830
3592200
3591939
3592018
3592160
3591423
3592222
3592270
3592209
3592116
3592107
3591817
3592036
3591906
3591646
3591621
3591570
3591530
3591927
3591907
3590296
3590570
3590613
3590647
3590622
3590844
3590920
3590969
3590997
3590966
3591057
3591169
3591185
3591269
3591308
3591335
3591311
3591291
3591363
3591412
3591414
3587751
3588114
3588112
3587773
3588398
3588485
3588427
3588411
3588382
3588621
3588664
3582651
3588571
3588618
3588789
3588880
3588916
3588946
3588968
3589077
3589173
3589147
3589251
3589272
3589260
3589257
3589418
3589410
3589557
3589560
3589488
3589575
3589690
3589824
3589841
3589868
3589883
3589936
3590112
3590055
3590053
3590109
3590110
3590189
3590211
3590237
3586256
3586231
3586221
3586409
3586768
3586841
3586808
3586851
3586797
3586965
3586993
3587070
0
3587150
3587262
3587272
3587293
3587326
3587475
3587759
3586158
3586213
3586398
3585877
3586261
3585972
3586210
3585968
3583181
3583462
3583592
3583600
3583752
3583805
3583781
3583814
3583951
3583859
3583954
3584134
3584153
3584086
3584002
3583991
3584148
3584307
3584329
3584403
3584419
3584476
3584469
3584496
3584392
3584344
3584240
3584433
3584709
3584658
3584646
3585093
3584760
3584676
3584793
3585189
3585220
3585235
3585289
3585384
3585427
3585467
3585495
3585462
3585644
3585652
3585662
3585822
3585842
3585839
3585848
3585870
3580408
3580477
3580651
3580518
3580762
3580907
3580905
3580931
3580936
3580995
3581004
3581010
3581031
3580938
3581023
3581091
3581176
3581191
3581159
3581257
3581328
3581366
3581376
3581318
3581309
3581308
3581421
3580465
3581437
3576740
3577461
3581535
3581409
0
3581714
3581633
3581737
3581797
3581802
3581790
3581763
3581916
3581913
3581921
3581923
3581924
3581925
3582028
3582088
3582131
3581979
3582099
3582218
3582190
3582261
3582246
3582211
3582307
3582375
3582374
3582393
3582399
3582446
3582520
3582394
3582484
3582541
3582537
3582661
3582666
3582791
3582850
3582739
3582738
3582698
3582958
3583084
3583093
3577073
3577042
3577248
3577462
3577471
3577240
3577520
3577511
3577499
3577603
3577570
3577815
3577855
3577807
3577820
3577873
3578092
3578129
3578174
3578337
3578514
3578518
3578694
3578658
3578792
3578844
3578883
3578938
3579148
3579087
3579379
3579408
3579313
3579449
3579450
3579419
3579600
3579507
3579482
3579488
3579667
3579722
3579730
3579750
3579892
3579902
3579784
3579770
3579960
3579925
3579903
3580002
3580046
3579822
3580101
3579802
0
3580124
3580130
3580220
3580241
3580181
3580249
3580240
3580292
3580323
3580356
3580376
3575873
3575862
3575816
3575676
3575646
3575286
3575300
3575382
3575987
3575788
3575759
3575742
3575867
3576073
3576062
3575942
3576092
3576222
3576264
3576268
3576266
3576293
3576405
3576391
3576381
3576351
3576346
3576338
3576291
3576576
3576685
3576498
3576497
3576667
3576895
3576909
3576966
3573074
3573063
3573052
3572019
3573408
3573497
3573502
3573537
3573494
3573813
3573937
3573756
3573723
3573691
3573674
3573962
3573788
3574136
3574152
3574173
3574188
3574126
3574153
3574120
3573186
3574245
3574293
3574342
3574306
3574371
3574357
3574559
3574592
3574616
3574760
3574772
3575095
3575134
3575138
3575166
3575257
3575251
3571865
3571834
3571559
3571492
3571426
3571377
3571349
3572135
3572139
3572054
0
3572254
3572238
3572326
3572604
3572671
3572715
3572588
3572726
3572720
3572719
3572660
3572753
3572788
3572748
3572732
3572740
3572744
3572846
3572876
3572902
3572961
3573028
3573170
3573020
3569335
3569323
3569324
3567940
3569926
3569934
3569982
3569990
3569919
3569910
3569894
3570020
3570119
3570059
3570053
3570155
3570245
3570306
3566952
3570330
3570508
3570408
3570435
3570447
3570504
3570458
3570598
3570593
3570569
3570715
3570743
3571016
3571154
3570830
3570952
3571122
3570957
3571310
3571254
3566897
3567359
3567540
3567559
3567434
3567550
3567535
3567802
3567812
3567681
3567861
3567158
3567943
3567961
3567999
3568154
3568216
3568158
3568086
3568136
3568318
3568407
3568494
3568610
3568613
3568615
3568649
3568669
3568605
3568719
3568772
3568847
3568892
3569402
3562091
3562207
3562412
0
3562645
3562674
3562709
3562794
3562508
3562868
3562857
3562789
3562945
3563008
3563138
3563184
3563191
3563404
3563419
3563439
3563505
3563537
3563600
3563607
3563583
3563628
3563693
3563714
3563707
3563804
3563817
3563918
3563938
3563988
3563858
3563936
3564052
3564076
3564175
3564210
3564348
3564394
3564333
3564253
3564518
3564572
3564617
3564536
3564523
3564782
3564913
3564940
3564982
3565040
3565264
3565291
3565292
3565519
3565523
3565453
3565591
3565718
3565829
3565923
3565922
3565930
3565978
3565960
3565987
3566098
3566123
3566257
3566307
3566277
3566393
3566553
3566385
3566742
3566869
3566887
3565481
3565580
3565638
3565688
3565692
3561053
3561056
3561172
3561188
3561263
3561378
3561547
3561563
3561635
3561651
3561662
3561770
3561895
3561913
3561915
3561933
3561948
3561985
3562050
0
3562139
3558510
3558557
3558558
3558564
3558612
3558685
3558749
3558790
3558867
3558890
3558953
3559004
3559025
3559053
3559055
3559176
3559319
3559351
3559545
3559559
3559602
3559718
3559722
3559732
3559741
3559758
3559759
3559827
3559917
3559929
3559954
3559974
3560064
3560076
3560083
3560262
3560305
3560367
3560937
3538190
3560472
3560570
3560622
3560682
3560706
3560716
3560717
3560747
3560746
3560753
3560757
3560776
3560783
3560862
3558485
3553877
3553814
3553794
3554070
3554074
3554097
3554236
3554249
3554335
3554341
3554344
3554521
3554590
3554610
3554616
3554710
3554725
3554765
3554875
3555142
3555263
3555418
3555470
3555537
3555715
3555732
3555871
3555874
3555921
3556044
3556117
3556623
3556754
3556757
3556768
3556770
3556783
3556821
3556852
3556884
3556917
3556918
3556920
3556950
0
3557028
3557087
3557265
3557349
3557363
3557364
3557502
3557804
3557860
3557870
3558012
3558040
3558249
3558252
3558259
3558049
3558053
3558115
3558137
3558145
3558263
3552461
3552551
3552567
3552576
3552624
3552641
3552724
3552795
3552805
3552806
3553017
3553120
3553173
3553205
3553206
3553385
3553468
3553549
3553600
3553665
3553682
3553685
3552313
3552304
3552241
3552045
3551955
3551849
3551840
3551819
3551638
3550230
3550238
3550284
3550314
3550347
3550349
3550397
3550428
3550474
3550475
3550486
3550497
3550502
3550602
3550621
3550607
3550636
3550734
3550741
3549983
3550145
3550087
3550065
3549850
3549762
3550879
3550863
3550821
3550915
3550992
3551049
3551059
3551084
3551142
3551150
3551152
3551160
3551332
3551403
3551579
3551589
3551675
3551794
3548640
3548608
3548601
3548549
3548520
0
0
3548518
3548726
3548751
3548772
3548843
3548847
3548856
3548941
3548983
3548989
3549135
3549147
3549462
3549581
3549621
3549666
3549703
3549730
3549734
3549837
3549875
3546739
3546864
3546908
3546920
3546968
3547010
3547014
3547026
3547116
3547102
3547170
3547193
3547241
3547210
3547284
3547346
3547350
3547410
3547417
3547496
3547511
3547569
3548324
3548386
3548395
3548431
3548437
3548456
3548465
3548478
3547739
3547756
3547758
3547807
3547815
3547836
3547890
3547831
3547908
3547913
3547980
3547985
3548022
3548040
3548145
3548315
3548348
3548350
3543429
3543451
3543527
3543549
3543597
3543604
3543620
3543732
3543900
3543931
3544046
3544414
3543213
3542268
3546743
3544439
3544544
3544611
3544731
3544748
3544775
3544809
3544878
3544891
3544984
3545008
3545088
3545144
3545316
3545462
3545586
0
3545718
3545748
3545850
3545901
3545977
3546018
3546029
3546096
3546095
3546164
3546173
3546176
3546231
3546232
3546354
3546423
3546475
3546483
3546487
3546497
3546502
3546521
3546591
3546644
3546705
3541158
3541353
3541356
3541360
3541371
3541398
3541406
3541415
3541524
3541796
3541822
3541919
3541971
3541983
3542665
3542018
3542031
3542045
3542055
3542060
3542139
3541413
3542280
3542315
3542317
3542366
3542539
3542625
3542679
3542681
3542725
3542756
3542789
3542856
3542952
3543025
3543126
3537738
3537885
3538122
3538239
3538384
3538389
3538490
3538515
3538530
3538609
3538656
3538676
3538745
3538706
3538883
3538886
3538949
3538977
3539007
3539029
3536386
3536447
3536517
3536532
3536582
3536688
3536728
3536741
3536796
3536879
3536928
3536933
3536947
3536955
3536999
3537002
3537244
3537528
0
3534747
3534761
3534788
3534818
3535136
3535151
3535258
3535303
3535309
3535330
3535338
3535509
3535558
3535566
3535594
3535723
3535932
3536027
3536048
3536227
3536270
3536276
3534351
3539097
3539109
3539118
3539163
3539268
3539299
3539343
3539381
3539474
3539483
3539521
3539787
3540040
3540096
3540115
3540124
3540130
3540293
3540425
3540452
3540498
3540502
3540503
3540557
3540576
3540635
3540664
3540669
3540685
3540695
3540700
3540706
3540708
3540761
3540763
3540773
3540775
3540793
3540902
3540891
3540918
3540910
3540966
3540977
3541082
3541123
3528963
3529216
3529322
3529388
3529437
3529544
3529643
3529907
3529925
3529934
3530000
3530062
3530303
3530489
3530546
3530595
3530616
3530664
3530716
3530741
3530767
3530848
3530849
3530897
3530971
3530980
3531008
3531070
3531258
3531430
3531513
0
3531751
3531827
3531860
3531871
3532045
3532090
3532132
3532134
3532167
3532315
3532335
3532339
3532377
3532484
3532500
3532611
3532673
3532718
3533816
3534032
3534039
3533821
3533994
3525285
3525344
3525568
3525572
3525606
3525560
3525682
3525706
3525774
3525776
3525880
3526014
3526103
3526106
3526116
3526118
3526192
3526239
3526554
3526575
3526582
3526598
3526599
3526602
3528315
3525019
3525003
3524985
3524966
3524909
3524895
3524887
3524787
3524765
3524734
3524726
3524654
3524632
3524249
3524178
3524173
3523994
3523960
3523916
3523900
3523882
3526678
3526677
3526688
3526689
3526693
3526710
3526760
3526913
3526915
3526943
3527987
3528310
3528332
3528432
3528447
3528619
3528620
3528629
3528665
3528677
3528814
3528809
3521514
3521526
3521683
3521717
3521811
3521890
3522285
3522289
3522393
0
3522542
3522577
3522618
3522647
3522834
3522890
3522899
3522913
3522965
3523014
3523114
3523134
3523148
3523188
3523199
3523305
3523334
3523384
3523387
3523449
3523493
3523555
3523563
3523576
3523580
3523584
3523770
3523782
3519302
3519344
3519409
3519412
3519532
3519549
3519560
3519703
3519721
3519727
3519776
3519866
3519877
3519933
3520016
3520060
3520120
3520165
3520174
3520221
3520339
3520349
3520586
3520631
3520666
3520756
3520782
3520817
3520850
3520870
3520950
3521029
3521031
3521102
3521146
3521196
3521202
3521259
3521322
3521416
3521422
3514831
3514921
3514845
3514960
3515013
3515160
3515255
3515269
3515401
3515413
3515422
3515513
3515751
3516054
3516056
3516133
3516144
3516300
3516492
3516677
3516689
3516694
3516771
3517011
3519059
3519075
3519092
3519113
3519201
3516825
3516870
0
3516872
3517189
3517399
3517591
3517692
3517696
3517752
3517956
3517944
3517967
3518002
3518003
3518017
3518020
3518072
3518304
3518769
3518775
3518848
3519006
3519007
3519030
3510888
3510873
3510549
3510546
3510545
3510516
3510407
3510320
3510317
3510990
3511194
3511230
3511366
3511374
3511467
3511517
3511871
3512085
3512148
3511932
3512252
3512355
3512375
3512401
3512616
3512649
3512700
3512714
3512727
3512829
3512842
3512911
3512920
3513054
3513092
3513093
3513120
3513178
3513212
3513252
3514706
3514705
3514692
3514687
3514709
3514717
3513291
3513387
3513542
3513550
3513615
3513649
3513685
3513697
3513702
3513704
3513739
3513960
3514040
3514108
3514121
3514295
3514305
3514357
3514395
3514398
3514431
3514435
3514441
3514470
3514560
3514670
3514676
3514711
3507992
3507938
3507998
3508018
0
3508239
3508383
3508404
3508453
3508454
3508655
3508663
3508701
3508796
3508896
3508912
3508948
3508976
3509055
3509128
3509199
3507428
3507475
3507663
3507680
3507684
3507752
3507829
3507852
3507873
3507876
3507885
3509217
3509230
3509235
3509240
3509245
3509286
3509288
3509343
3509349
3509353
3509387
3509409
3509445
3509465
3509481
3509505
3509526
3509527
3509531
3509584
3510041
3509671
3509723
3509771
3509812
3509855
3509980
3506107
3506026
3505960
3505905
3505895
3505841
3505643
3505445
3505427
3505384
3505298
3505182
3505149
3505148
3505133
3505108
3505098
3505084
3505033
3504993
3504866
3506295
3506400
3506537
3506571
3506903
3506948
3504374
3507063
3507241
3507127
3507164
3507180
3507247
3507267
3507352
3507362
3507386
3507478
3507480
3503930
3503923
3503882
3503773
3503583
3503419
0
3503279
3503130
3503080
3503040
3503009
3502876
3502875
3502756
3503932
3504325
3504352
3504354
3504444
3504452
3504454
3504494
3504497
3504511
3504560
3504702
3501903
3501942
3501985
3501993
3502046
3502055
3502275
3502372
3502435
3502496
3502535
3502544
3502587
3502589
3502625
3502637
3502680
3500349
3500385
3500430
3500481
3500506
3500514
3500549
3500584
3500588
3500602
3500603
3500731
3500737
3500765
3500820
3500832
3500904
3501026
3501043
3501061
3501110
3501220
3501222
3501227
3501294
3501363
3501381
3501398
3501424
3501486
3501497
3501578
3501647
3501649
3501702
3501711
3501801
3499156
3499258
3499262
3499266
3499417
3499476
3499551
3499633
3499682
3499705
3499730
3499834
3499837
3499928
3499937
3500072
3497506
3497692
3497749
3497813
3497848
3497977
3498032
3498053
3498079
3498114
0
3498222
3498522
3498677
3498683
3498719
3498776
3498857
3498912
3498956
3499053
3499066
3499167
3499332
3499371
3499380
3494649
3494680
3494703
3494904
3494955
3494967
3495048
3495100
3497591
3497602
3497603
3495121
3495264
3495417
3495416
3495496
3495516
3495504
3495528
3495611
3495635
3495637
3495654
3494609
3495702
3495758
3496442
3496539
3496752
3496847
3496856
3496879
3496881
3496919
3496921
3496932
3496967
3497026
3497029
3497033
3497048
3497053
3497090
3497137
3497177
3497204
3497219
3497248
3497251
3497260
3497263
3497416
3497440
3497549
3497560
3497565
3495760
3495765
3495841
3495928
3495940
3496085
3496174
3496179
3496240
3496280
3496281
3496282
3496286
3496288
3496289
3496385
3496528
3496593
3496638
3490896
3490926
3491006
3491028
3491177
3491238
3491246
3491518
3491573
3492055
0
3492070
3492539
3492912
3493024
3493434
3493474
3493952
3494325
3493856
3494099
3490519
3490589
3490660
3490815
3490822
3490876
3490960
3490968
3491016
3491036
3491090
3491172
3491186
3491217
3490481
3490420
3490269
3490214
3490156
3490142
3490121
3490013
3489493
3489923
3489909
3489816
3491991
3491995
3492012
3492041
3492099
3492119
3492123
3492162
3492278
3492525
3492572
3492583
3493127
3493186
3493204
3493243
3493271
3493315
3493432
3493442
3493521
3493560
3493642
3493700
3493721
3493759
3493776
3493777
3493782
3493917
3494097
3494103
3491459
3491555
3491602
3491660
3486984
3487187
3487304
3487320
3487418
3487528
3487564
3487638
3487675
3487975
3488039
3488040
3488078
3488115
3488234
3488239
3488401
3488417
3488492
3488546
3488556
3488620
3488701
3488756
3488833
3488790
3488943
3488958
0
3489452
3486976
3487051
3485102
3485157
3485263
3485373
3485408
3485414
3485501
3485504
3485035
3485738
3485772
3485802
3486283
3485805
3486059
3486381
3486572
3486647
3486655
3485911
3485938
3486043
3486140
3486142
3486145
3486192
3486195
3486219
3486295
3486379
3486389
3486478
3486590
3484922
3484885
3484866
3485023
3484274
3484329
3484342
3484418
3484482
3484487
3484520
3484585
3484588
3484600
3484601
3484615
3484613
3484627
3484678
3484686
3484722
3484726
3484765
3484800
3484883
3484956
3485031
3483782
3483671
3483670
3483528
3484264
3484253
3484243
3484221
3484143
3484117
3484077
3483994
3483936
3482206
3482224
3482321
3482421
3482525
3482585
3482709
3482881
3482928
3482967
3482981
3483081
3483181
3483210
3483341
3483365
3483476
3483560
3483563
3483705
3483775
3483807
3483851
3483868
0
3483894
3479705
3479915
3480020
3480061
3480284
3480515
3480640
3480761
3480766
3480770
3480785
3480869
3481181
3481233
3481280
3481284
3481648
3481654
3481686
3481876
3481691
3481702
3481791
3481883
3477560
3479535
3479392
3479346
3479281
3479054
3479007
3478892
3478889
3478849
3475707
3475777
3475844
3475849
3475855
3475946
3475998
3476229
3476434
3476492
3474698
3474946
3476616
3476655
3476668
3476716
3476785
3476794
3476802
3476817
3476828
3476957
3476955
3477036
3477115
3477139
3477197
3477260
3477267
3477295
3477361
3477330
3477412
3477522
3477552
3477555
3477568
3477574
3477582
3477616
3477719
3477720
3477748
3477869
3477877
3477948
3478134
3478154
3478157
3478190
3478255
3478407
3478456
3474733
3474344
3474167
3474088
3474097
3473892
3469677
3472765
3467092
3467587
3467612
3463048
0
3463060
3463128
3463764
3463781
3464282
3464357
3464500
3464850
3464893
3462777
3462773
3462727
3462649
3468167
3468250
3468278
3468450
3468545
3468630
3468658
3468737
3468841
3469097
3469393
3469420
3462547
3462371
3462332
3462275
3462219
3462196
3462186
3462170
3462101
3461994
3461949
3461872
3461825
3461793
3461664
3460779
3460722
3460483
3460472
3460456
3460311
3460208
3460163
3460075
3460050
3459886
3459843
3459775
3460822
3460944
3461069
3461113
3461129
3461136
3461212
3461261
3461407
3459242
3459261
3459265
3459495
3459621
3459141
3459081
3459044
3458963
3458825
3458800
3458715
3458711
3458564
3458334
3458282
3458278
3456298
3456487
3456389
3456386
3456291
3456171
3456789
3456785
3456778
3456774
3456756
3456695
3456628
3456623
3456578
3456880
3456921
3456965
3457067
3457186
3457191
0
3457198
3457353
3457465
3457633
3457690
3457696
3458096
3458250
3458253
3453510
3453677
3453829
3453947
3454108
3454123
3454203
3454366
3454367
3454486
3454506
3454591
3454624
3454704
3455028
3455128
3455217
3455256
3455283
3455331
3455332
3455384
3455386
3455407
3455460
3455467
3455495
3455524
3455738
3456080
3456133
3456134
3456154
3450366
3450181
3449888
3449854
3449822
3449741
3449710
3449669
3449600
3449601
3449657
3449134
3449571
3449381
3449275
3448624
3449115
3448998
3448975
3448759
3448731
3448576
3448531
3450514
3450530
3450555
3450588
3450690
3450836
3451341
3451688
3451799
3451856
3451897
3451916
3450337
3452004
3452023
3452144
3452218
3452223
3452252
3452324
3452342
3452444
3452454
3452483
3452516
3452517
3452574
3452628
3452658
3452887
3452926
3452942
3453201
3453217
3453309
0
3453332
3453439
3453471
3447389
3447479
3447350
3447326
3447293
3447212
3447165
3447109
3447100
3446965
3446989
3446971
3447031
3446878
3446876
3446848
3446755
3446632
3446592
3446492
3446485
3446469
3446440
3447486
3447532
3447539
3447553
3447813
3447870
3447905
3447930
3447953
3447980
3447981
3448041
3448087
3448101
3448161
3448184
3448312
3448277
3444772
3444793
3444861
3444894
3444911
3444938
3445006
3445015
3445020
3445117
3445215
3445216
3445280
3445336
3445391
3445406
3445410
3445435
3445438
3445496
3445532
3445670
3445923
3446087
3446254
3446284
3446333
3441857
3441859
3442102
3442189
3442380
3442491
3442762
3442958
3443265
3443396
3443423
3443565
3443573
3443610
3443678
3443768
3443930
3443952
3444021
3444076
3444438
3444443
3444508
3444594
3444718
3440952
3440958
3440978
3441250
0
3441339
3441508
3441608
3427915
3434815
3440299
3429239
3440446
3440477
3441188
3441120
3441068
3440969
3440919
3440837
3440652
3440628
3440588
3440563
3440529
3440460
3440386
3440303
3440291
3440274
3439749
3438640
3438613
3438730
3438812
3438845
3438602
3438921
3438929
3438958
3439045
3439135
3439218
3439279
3439395
3439513
3439680
3439710
3439831
3437974
3438052
3438138
3438179
3438196
3438348
3438351
3438353
3438374
3438409
3438416
3438427
3438431
3438600
3437086
3436056
3436101
3436148
3436369
3436603
3436657
3435074
3435569
3435905
3433836
3433978
3434382
3434437
3433716
3432000
3432164
3432986
3432764
3416232
3439568
3439857
3436594
3437901
3431861
3434617
3436645
3436539
3436523
3436460
3434347
3436004
3436250
3436512
3436723
3436789
3436992
3437742
3437893
3437915
3438026
3436088
0
3436105
3436858
3436475
3436534
3436644
3437417
3437808
3437917
3436446
3436469
3436851
3437129
3437202
3437505
3437930
3436175
3436350
3436440
3436451
3436607
3436609
3436722
3436742
3436956
3436641
3437277
3437303
3437992
3429296
3430632
3430895
3432515
3433390
3434083
3434485
3434705
3434907
3435162
3435648
3435957
3435086
3429914
3430656
3431851
3433273
3433545
3434043
3434232
3434888
3435266
3435452
3435919
3432966
3433221
3433654
3433711
3434010
3434149
3434199
3434268
3434967
3435533
3425562
3427108
3428133
3428636
3430830
3432003
3432056
3432297
3432478
3433461
3433837
3434292
3434696
3435088
3432760
3433026
3433531
3434362
3434516
3434764
3434783
3434636
3435099
3432671
3432436
3431043
3430710
3429707
3430419
3430633
3430871
3431036
3431223
3431333
3431439
3431590
3431668
3431679
0
3431776
3431831
3432024
3432294
3432343
3426599
3428250
3427562
3425879
3425380
3423250
3423017
3422844
3422631
3422407
3426876
3426701
3426410
3426692
3425012
3424341
3427603
3428383
3428639
3428360
3421873
3423059
3423801
3424376
3424564
3424827
3424873
3424944
3425104
3425134
3425543
3425161
3425694
3426040
3421870
3426179
3427033
3427075
3428071
3428252
3428461
3425281
3426103
3427237
3426244
3427365
3427724
3428269
3425548
3425748
3425842
3426006
3425835
3425996
3425211
3425322
3425505
3423633
3424228
3424679
3424984
3422134
3422370
3422455
3422580
3422595
3422601
3423048
3422959
3422187
3420841
3420704
3420370
3420345
3421464
3421258
3421249
3421536
3421743
3422636
3419761
3420021
3420284
3414972
3415538
3415628
3416917
3417237
3417762
3418370
3418416
3418472
3418399
3419726
3412455
0
3413463
3414880
3415060
3416772
3416989
3418970
3419564
3411978
3413360
3415899
3418388
3418944
3419747
3411491
3411922
3411988
3412378
3413317
3413564
3413917
3414939
3416398
3417524
3418064
3418208
3418398
3418404
3418456
3418833
3411578
3412283
3412703
3412865
3413112
3413337
3413701
3414727
3415264
3416367
3416812
3417214
3417351
3417492
3417545
3417547
3417634
3417884
3417908
3418098
3418447
3418583
3418786
3418949
3419044
3418412
3416783
3416738
3416866
3411470
3411757
3411973
3412311
3413733
3407570
3408544
3408898
3409520
3409800
3410444
3410482
3410914
3411238
3407688
3408055
3408328
3408623
3409551
3409848
3410181
3410404
3407894
3408089
3408366
3408372
3408526
3408963
3409673
3409820
3409833
3410568
3410806
3408124
3408457
3408626
3408908
3408974
3409542
3409770
3410224
3410277
0
3410159
3410532
3407739
3407750
3408332
3408388
3408427
3408433
3408613
3408648
3408902
3409549
3409654
3409894
3409797
3409984
3409987
3410294
3410480
3410483
3401479
3402213
3406098
3406584
3407685
3400291
3401138
3401205
3402098
3402894
3403102
3404831
3405620
3406155
3406651
3406858
3401914
3401900
3400482
3402634
3402775
3403177
3403281
3403557
3404327
3405928
3406683
3406855
3407547
3407561
3401183
3402646
3402975
3403222
3404600
3404663
3404741
3404771
3405235
3406084
3406178
3406487
3406627
3407203
3407517
3406389
3401894
3402692
3404814
3406755
3407383
3405849
3405352
3405375
3405222
3404998
3404447
3406033
3406070
3406254
3406288
3402118
3402172
3402498
3403019
3403072
3395464
3396041
3396202
3396442
3395307
3396521
3396891
3397003
3397691
3398276
3398410
3398483
3398537
3398547
0
3398763
3398810
3399231
3399337
3399530
3399578
3399908
3399998
3398512
3399742
3400096
3400270
3400667
3401202
3401234
3401813
3397438
3398485
3399371
3399825
3399840
3400003
3400076
3400176
3400247
3400257
3400534
3400564
3400694
3400732
3401018
3401039
3401473
3395597
3395918
3395994
3396483
3396551
3396741
3397366
3397443
3397561
3398701
3395973
3396500
3396794
3396914
3396917
3396992
3397518
3398013
3398350
3398268
3397962
3397774
3397758
3397731
3397469
3397215
3396398
3395833
3395351
3395587
3395815
3395923
3395965
3396366
3396736
3397765
3397916
3398048
3396747
3396829
3396833
3397265
3391882
3391888
3391991
3392176
3392388
3392638
3392687
3393031
3393094
3393099
3393293
3393374
3393764
3393942
3393992
3393958
3394087
3394185
3394320
3394600
3394690
3394736
3394752
3394753
3394960
0
3394872
3394942
3390003
3389895
3389789
3389651
3389619
3389599
3389504
3389397
3389298
3390142
3390221
3390130
3390127
3390271
3390332
3390371
3390421
3390455
3390519
3390537
3390607
3390613
3391395
3391459
3391512
3391579
3391611
3390628
3390706
3390807
3390832
3390998
3391034
3391371
3391373
3387462
3387510
3387607
3387722
3387769
3387907
3387961
3388006
3388043
3388047
3388165
3388226
3388301
3388492
3388509
3388872
3388933
3388955
3388880
3388545
3388573
3388585
3388590
3388613
3388669
3388701
3388778
3387360
3387362
3387402
3387472
3384334
3384526
3384602
3384650
3384686
3384790
3384818
3385015
3385225
3385386
3385407
3385547
3385695
3385963
3385985
3386129
3386229
3386234
3386237
3386317
3386354
3386381
3381329
3386472
3386516
3386562
3386563
3386700
3386707
3386723
3386878
3386952
0
3387070
3382491
3382582
3382583
3382737
3382731
3382702
3382612
3382792
3383022
3383120
3383122
3383244
3383448
3383556
3383592
3383625
3383640
3383649
3383672
3383702
3383869
3383895
3383931
3384091
3384166
3384193
3384241
3384286
3384308
3384311
3377704
3377837
3378752
3378842
3379116
3379359
3379774
3379832
3379889
3379946
3379981
3380032
3380035
3380379
3380406
3380674
3380718
3380815
3380918
3380983
3381058
3381073
3381214
3381808
3382010
3382042
3382130
3382133
3382167
3382169
3382320
3373996
3374000
3374098
3374347
3374422
3374514
3374562
3374564
3375364
3375391
3375460
3375474
3375382
3375573
3375626
3375648
3375712
3375867
3375987
3375992
3376248
3376298
3376397
3376533
3376540
3376542
3376617
3376673
3376675
3376716
3376807
3377097
3377264
3377287
3377373
3368897
3368908
3369062
0
3369116
3369789
3369866
3369871
3369878
3369899
3370304
3370359
3370371
3370618
3370884
3371012
3371024
3371032
3371204
3371228
3371277
3372036
3372206
3372227
3372304
3372308
3372455
3372589
3372769
3372821
3372939
3373190
3373338
3373786
3373383
3373662
3373711
3373812
3373882
3373947
3373959
3373964
3374041
3374055
3373718
3368677
3363975
3364819
3364956
3364964
3365264
3365255
3365561
3365897
3366451
3367865
3367989
3368173
3368359
3368474
3368500
3368530
3368607
3366478
3366581
3366693
3366837
3366946
3366978
3366991
3367019
3367077
3367205
3367137
3365527
3367213
3367221
3367381
3367462
3367498
3367581
3367841
3367869
3367905
3368296
3368307
3361550
3361534
3361353
3361313
3361759
3361974
3362108
3362210
3362334
3362425
3362570
3362678
3362729
3362831
3362943
3363005
3363163
3363168
0
3363250
3363276
3363284
3363286
3363310
3363348
3363360
3363371
3363379
3363412
3363467
3363620
3363639
3363759
3363798
3363811
3364026
3364317
3364332
3364827
3364335
3364420
3364497
3364514
3364530
3364540
3364697
3364705
3363029
3363108
3363111
3363133
3353784
3353569
3353303
3354280
3354370
3354416
3354622
3354788
3354850
3354970
3354973
3354485
3355159
3355167
3355223
3355240
3355382
3355390
3355545
3355585
3355661
3355667
3355669
3355805
3355933
3355951
3356281
3356345
3357281
3356494
3356582
3356587
3356624
3356636
3356711
3356718
3356763
3356805
3356859
3357008
3357022
3357142
3357240
3357611
3357801
3357804
3357829
3357858
3357896
3358045
3358047
3358054
3358198
3358268
3358284
3358321
3358327
3358469
3358482
3358487
3358576
3358645
3358704
3358872
3359332
3359439
3359515
3359614
0
3359657
3359783
3359784
3359792
3360183
3360237
3360343
3360287
3360347
3360379
3360458
3360711
3360868
3360875
3360923
3360934
3360936
3360950
3360966
3361075
3361099
3361120
3361223
3361247
3346486
3346487
3348463
3348941
3348972
3348993
3349021
3349027
3349547
3349669
3349865
3349870
3349900
3350372
3350239
3350530
3350547
3350598
3350638
3351249
3351722
3351724
3351765
3351805
3351807
3351940
3352314
3352368
3352396
3352433
3352450
3352487
3352644
3352642
3352662
3352670
3352679
3352694
3352703
3352724
3352759
3352775
3352780
3352799
3352829
3352932
3352971
3352979
3353024
3353055
3353111
3350815
3350822
3350874
3350906
3350940
3350946
3350956
3350974
3351021
3351081
3351101
3351157
3351169
3351186
3351207
3351227
3351235
3351244
3351243
3349914
3350031
3350399
3348741
3348673
3348668
0
3349110
3349111
3349136
3349182
3349184
3349360
3342550
3342548
3342422
3342143
3341993
3341920
3341865
3341851
3341787
3341769
3341300
3342573
3340667
3343612
3343829
3343974
3343949
3344477
3344679
3344707
3344744
3344842
3344935
3344936
3344980
3344991
3345036
3345045
3345093
3345114
3345116
3345161
3345230
3345368
3345420
3345561
3345726
3345820
3345921
3346140
3346149
3346185
3346313
3346378
3346448
3346546
3346610
3346627
3346634
3346718
3346727
3347039
3347094
3347208
3347304
3347415
3347588
3347645
3347684
3347850
3347907
3348177
3348218
3348286
3348468
3348503
3348509
3348527
3345684
3345793
3346074
3344521
3341747
3341744
3341573
3343461
3342723
3342792
3342864
3343042
3343099
3343227
3343239
3343268
3343275
3343026
3343317
3343372
3341520
3336905
3336939
3336947
3336951
3336973
0
3336992
3337064
3337223
3337251
3337317
3337346
3337335
3337351
3337355
3337420
3337439
3337536
3337565
3337569
3337573
3337595
3337675
3337676
3336899
3336856
3336838
3336735
3338056
3338183
3338211
3338233
3338234
3338253
3338318
3338412
3338610
3338673
3338687
3338704
3338730
3338801
3338813
3338823
3338864
3338917
3338981
3339053
3339056
3339060
3339064
3339077
3339158
3339295
3339310
3339345
3339364
3339412
3339495
3339496
3339588
3339823
3266911
3339903
3339908
3339994
3340035
3340038
3340042
3340087
3340502
3340522
3340647
3340656
3340706
3340748
3340754
3340761
3340797
3340834
3340846
3340862
3340881
3341010
3341066
3341080
3341119
3341161
3341173
3341194
3341204
3341209
3341223
3341238
3341240
3341270
3341297
3341355
3341356
3341386
3341394
3341403
3331572
3331424
3331373
3331307
0
3331321
3331320
3331273
3331657
3331676
3331693
3331731
3331749
3331754
3331829
3332025
3332224
3332587
3332751
3332846
3332882
3332978
3333023
3333097
3333115
3333117
3333136
3333231
3333343
3333409
3333429
3333526
3333742
3333905
3333910
3334223
3334257
3334361
3334410
3334530
3334533
3334655
3334707
3334771
3335040
3335082
3335094
3335153
3335186
3335182
3335199
3335201
3335471
3335571
3335638
3335644
3335713
3335814
3335817
3335891
3336171
3335947
3336238
3336401
3336436
3336440
3336725
3336763
3325346
3325424
3325234
3325230
3325103
3324996
3324862
3324903
3327281
3327213
3326990
3326983
3326968
3326865
3326784
3326760
3326702
3325865
3325827
3325724
3325705
3325607
3325594
3325585
3325494
3325469
3327300
3327362
3327364
3327436
3327507
3327523
3327532
3327589
3327593
3327657
3327668
0
3327697
3327883
3327913
3327922
3328010
3328107
3328117
3328196
3328593
3328608
3329262
3329312
3329431
3329456
3329646
3329274
3329681
3329998
3330388
3330062
3330071
3330103
3330183
3330210
3330213
3330279
3330506
3330532
3330637
3330755
3330759
3330763
3330824
3330852
3330857
3330870
3330905
3330930
3330985
3330992
3331017
3331023
3331126
3331234
3326638
3270275
3325726
3328977
3328690
3328721
3328766
3328889
3329150
3329201
3328970
3328933
3328642
3328676
3328682
3324343
3324543
3324553
3328768
3328816
3328855
3318650
3318675
3318645
3318649
3318735
3318808
3318811
3318855
3319224
3319231
3319585
3319674
3319968
3319992
3319994
3320032
3320076
3320108
3320135
3320272
3320310
3320402
3316714
3324532
3324640
3324623
3318431
3318380
3320605
3320619
3320942
3321364
3321468
3321664
3321839
0
3322047
3322183
3322217
3322291
3322305
3322354
3322427
3322437
3323011
3323042
3323100
3323143
3323199
3323264
3323309
3323410
3323412
3323511
3323620
3323606
3323752
3323892
3324084
3324093
3324095
3324160
3324412
3312258
3312369
3312414
3312479
3312485
3312564
3312794
3312874
3312936
3312992
3313066
3313378
3313429
3313473
3313562
3313594
3313636
3313785
3313945
3313994
3314001
3314172
3314179
3314248
3314259
3314291
3314414
3314537
3314538
3314603
3314604
3314769
3314845
3315013
3315200
3315269
3315400
3315478
3315502
3315586
3315612
3315679
3315703
3315740
3316081
3316122
3316265
3316271
3316295
3316368
3316394
3316410
3316411
3316594
3316608
3316615
3316624
3316772
3316828
3316928
3316996
3317013
3317074
3317099
3317234
3317276
3317278
3317279
3317432
3317592
3317608
3317626
3317629
0
3317637
3317681
3317706
3317771
3317797
3317908
3317971
3318041
3318093
3318174
3309309
3309371
3309406
3309531
3309676
3309708
3309750
3309826
3309888
3309893
3310010
3310035
3310069
3310086
3310149
3310185
3310220
3310230
3310325
3310566
3308587
3308648
3308687
3308693
3308741
3308766
3308813
3308814
3308867
3308907
3308678
3308942
3309041
3309137
3309208
3309294
3308527
3308517
3308311
3308271
3308256
3308249
3308154
3310613
3310640
3310641
3310642
3310924
3311173
3311379
3311294
3311610
3311622
3311680
3311726
3311737
3311763
3311832
3311916
3311956
3312046
3312074
3312152
3306897
3306996
3307000
3307001
3307042
3307074
3307078
3307079
3307081
3307128
3307230
3307314
3307348
3307355
3307391
3307496
3307535
3307543
3307590
3307638
3307651
3307677
3307679
3307730
3307918
3308028
3306153
0
3306162
3306163
3306169
3306193
3306218
3306263
3306308
3306318
3306334
3306338
3306355
3306367
3306406
3306408
3306528
3306535
3306674
3306684
3306718
3306728
3306763
3306773
3306799
3306856
3306862
3306886
3306892
3304362
3304461
3304494
3304537
3304557
3304568
3304575
3304577
3304606
3304611
3304617
3304623
3304684
3304697
3304747
3304774
3304795
3304836
3304841
3304848
3304855
3304883
3304888
3304974
3304986
3305047
3305139
3305293
3305295
3305307
3305324
3305462
3305482
3305538
3305568
3305617
3305629
3305637
3305654
3305706
3305815
3305841
3302441
3302664
3302680
3302700
3302702
3302724
3302746
3302869
3302915
3302921
3303002
3303051
3303064
3303076
3303138
3303210
3303342
3303344
3303357
3303434
3303458
3303544
3303547
3303606
3303308
3303685
3303723
3303781
3303780
3303940
3303996
0
3304175
3304200
3304318
3304323
3302157
3300777
3300890
3300964
3300973
3301003
3301097
3301125
3301179
3301204
3301209
3301245
3301296
3301346
3301374
3301397
3301411
3301439
3301423
3301449
3301455
3301456
3301468
3301482
3301503
3300760
3300576
3301557
3301584
3301589
3301592
3301660
3301674
3301683
3301693
3301724
3301753
3301776
3301896
3301897
3301899
3301916
3301937
3301979
3302000
3302013
3302010
3273984
3285266
3287973
3289385
3290426
3290445
3290482
3290683
3290794
3291362
3291639
3291909
3292516
3292603
3292859
3292932
3293048
3293137
3293146
3293150
3293219
3293322
3293352
3293476
3293480
3293575
3293657
3293840
3293858
3294023
3294031
3294040
3294052
3294064
3294284
3294650
3294805
3294939
3295031
3295061
3295097
3295174
3295220
3295222
3295254
3295374
3295423
3295437
3295518
0
3295674
3295762
3296026
3296113
3296463
3296525
3296536
3296595
3296609
3296646
3296832
3296877
3296926
3296970
3297022
3297038
3297046
3297059
3297061
3297169
3297234
3297286
3297151
3297316
3297338
3297401
3297621
3259085
3297704
3297844
3297845
3297853
3297970
3298063
3298070
3298094
3298210
3298400
3298440
3298604
3298621
3298664
3298685
3298738
3298756
3298865
3298919
3298920
3298970
3298977
3299087
3299129
3299138
3299525
3299588
3299647
3299701
3299830
3299880
3299928
3300036
3300193
3300235
3300328
3300569
3300601
3300727
3283158
3283289
3283652
3283607
3283656
3283680
3283670
3283685
3283714
3283724
3283768
3283889
3283908
3283953
3283958
3284025
3284055
3284062
3284075
3284097
3284137
3284142
3284160
3284258
3284266
3284578
3284666
3284935
3284971
3285226
3285338
3285351
3285367
0
3285400
3285436
3285441
3285453
3285574
3285610
3285646
3285733
3285731
3285756
3285767
3285783
3285866
3285946
3285929
3285965
3285982
3286064
3286084
3286168
3286262
3286335
3286345
3286392
3286422
3286513
3286608
3286934
3286946
3286947
3287022
3287048
3287067
3287209
3287310
3287656
3287716
3287762
3287768
3287837
3288394
3288484
3288562
3288566
3288613
3288619
3288672
3288680
3288732
3288747